,frameN,routine_time,global_time,gaze,good_fixation,click
0,0,0.011585220020720044,215.63621165832183,"[-288.8999938964844, -11.70001220703125]",True,False
1,1,0.024073532133570552,215.64870117227406,"[-287.1000061035156, -13.29998779296875]",True,False
2,2,0.03502439132842028,215.65966675400034,"[-287.20001220703125, -12.399993896484375]",True,False
3,3,0.04678228560987918,215.67140932483073,"[-288.20001220703125, -14.200012207031193]",True,False
4,4,0.05854168219036637,215.68316872141122,"[-286.79998779296875, -13.999999999999943]",True,False
5,5,0.0703314252131122,215.69495846443397,"[-290.1000061035156, -11.399993896484432]",True,False
6,6,0.08213979674496841,215.7067668359657,"[-287.3999938964844, -12.500000000000057]",True,False
7,7,0.09387605791903297,215.71850309713977,"[-287.29998779296875, -10.299987792968807]",True,False
8,8,0.10563335128074414,215.7302603905016,"[-289.70001220703125, -12.200012207031193]",True,False
9,9,0.1174077708525374,215.74203481007328,"[-287.1000061035156, -11.600006103515682]",True,False
10,10,0.12924919296494863,215.7538762321857,"[-285.79998779296875, -11.799987792968693]",True,False
11,11,0.14091574745987145,215.76554368806012,"[-287.8999938964844, -12.200012207031193]",True,False
12,12,0.15267544450023252,215.7773024837211,"[-289.29998779296875, -11.999999999999943]",True,False
13,13,0.1644459580942339,215.7890729973151,"[-288.70001220703125, -12.500000000000057]",True,False
14,14,0.17626154066181243,215.8008882794228,"[-288.79998779296875, -10.299987792968807]",True,False
15,15,0.18798277884468462,215.81260981806554,"[-287.29998779296875, -12.200012207031193]",True,False
16,16,0.19971723725984702,215.8243442764807,"[-286.0, -10.20001220703125]",True,False
17,17,0.21149436097005037,215.8361214001908,"[-287.3999938964844, -11.0]",True,False
18,18,0.22323422766203294,215.84786126688277,"[-287.70001220703125, -11.799987792968693]",True,False
19,19,0.23499182148361797,215.8596323813964,"[-285.79998779296875, -12.79998779296875]",True,False
20,20,0.24671275920661628,215.87133979842747,"[-284.8999938964844, -15.0]",True,False
21,21,0.2584745594657534,215.88310129822673,"[-286.70001220703125, -14.399993896484375]",True,False
22,22,0.2702901420333319,215.8949171812542,"[-287.6000061035156, -13.100006103515568]",True,False
23,23,0.28203030918518834,215.9066576488658,"[-288.8999938964844, -12.899993896484318]",True,False
24,24,0.2937521482876946,215.91837918750855,"[-289.70001220703125, -15.100006103515568]",True,False
25,25,0.3055184554441439,215.930145494665,"[-288.3999938964844, -15.399993896484375]",True,False
26,26,0.3172901708775271,215.94191721009827,"[-286.3999938964844, -12.399993896484375]",True,False
27,27,0.32907330378407096,215.95370034300493,"[-283.29998779296875, -12.399993896484375]",True,False
28,28,0.3407960442660851,215.96542308348694,"[-280.8999938964844, -15.299987792968693]",True,False
29,29,0.3525566426859541,215.9771836819068,"[-283.1000061035156, -14.200012207031193]",True,False
30,30,0.3643319636371416,215.98895900285788,"[-284.70001220703125, -12.899993896484318]",True,False
31,31,0.37609196113726284,216.00071900035812,"[-284.5, -12.79998779296875]",True,False
32,32,0.3878372361060656,216.0124645757868,"[-287.29998779296875, -13.0]",True,False
33,33,0.3996020409634866,216.02422908018423,"[-287.5, -11.5]",True,False
34,34,0.41137435731639016,216.03600139653724,"[-286.8999938964844, -12.200012207031193]",True,False
35,35,0.42314216677198146,216.0477695064526,"[-284.5, -11.29998779296875]",True,False
36,36,0.43488654036138996,216.059513880042,"[-281.29998779296875, -13.5]",True,False
37,37,0.4466468383213851,216.07127387754213,"[-282.5, -12.29998779296875]",True,False
38,38,0.4584215583529385,216.08304859757368,"[-281.5, -11.70001220703125]",True,False
39,39,0.4702677878224222,216.09489482704328,"[-281.79998779296875, -12.500000000000057]",True,False
40,40,0.48194245473268893,216.1065697944133,"[-282.8999938964844, -12.899993896484318]",True,False
41,41,0.4936859269425895,216.11831296616333,"[-282.20001220703125, -12.399993896484375]",True,False
42,42,0.5054480276614868,216.13007506688234,"[-283.1000061035156, -11.899993896484375]",True,False
43,43,0.51721463527781,216.14184167449866,"[-279.79998779296875, -11.29998779296875]",True,False
44,44,0.5290206031310163,216.15364764235187,"[-280.6000061035156, -11.600006103515682]",True,False
45,45,0.5407304238406141,216.16535746306147,"[-280.1000061035156, -13.100006103515568]",True,False
46,46,0.5525526165242809,216.1771799562049,"[-281.20001220703125, -13.5]",True,False
47,47,0.5642549257382825,216.188882265419,"[-281.5, -14.200012207031193]",True,False
48,48,0.5760086135821894,216.20063565280304,"[-282.3999938964844, -15.20001220703125]",True,False
49,49,0.5877725170601025,216.21239955628084,"[-281.1000061035156, -16.200012207031193]",True,False
50,50,0.5995325145602237,216.22415955378108,"[-281.70001220703125, -17.399993896484375]",True,False
51,51,0.611307535051651,216.2359345742724,"[-282.20001220703125, -16.399993896484318]",True,False
52,52,0.6230711380696903,216.2476984777503,"[-283.29998779296875, -13.999999999999943]",True,False
53,53,0.6348452571816097,216.25947259686222,"[-282.3999938964844, -15.0]",True,False
54,54,0.6465743073199519,216.27120164700057,"[-284.3999938964844, -14.79998779296875]",True,False
55,55,0.6583508301104075,216.28297786933115,"[-282.3999938964844, -13.999999999999943]",True,False
56,56,0.6701682154368882,216.29479525465774,"[-281.8999938964844, -14.399993896484375]",True,False
57,57,0.6818533984409214,216.30648043766178,"[-283.8999938964844, -15.20001220703125]",True,False
58,58,0.6936151987000585,216.31824253838067,"[-284.6000061035156, -12.79998779296875]",True,False
59,59,0.70547254518317,216.33010018532354,"[-280.79998779296875, -12.29998779296875]",True,False
60,60,0.7172070035983324,216.34183404281907,"[-279.79998779296875, -14.700012207031307]",True,False
61,61,0.7289549827055453,216.35358232238616,"[-282.79998779296875, -14.399993896484375]",True,False
62,62,0.7406846337635216,216.36531197344414,"[-281.8999938964844, -15.600006103515625]",True,False
63,63,0.7524422275851066,216.37706956726572,"[-278.20001220703125, -13.899993896484375]",True,False
64,64,0.7642773400411897,216.38890588156107,"[-280.6000061035156, -13.600006103515682]",True,False
65,65,0.7759814520140935,216.40060969307422,"[-282.20001220703125, -13.100006103515568]",True,False
66,66,0.7881608914282197,216.4127894329481,"[-283.0, -13.5]",True,False
67,67,0.7998944484638741,216.42452298998387,"[-280.8999938964844, -13.29998779296875]",True,False
68,68,0.8116724735534717,216.43630101507347,"[-279.20001220703125, -12.600006103515625]",True,False
69,69,0.8234180489821483,216.44804659050203,"[-282.5, -13.999999999999943]",True,False
70,70,0.8351759432636072,216.4598044847835,"[-282.29998779296875, -12.29998779296875]",True,False
71,71,0.8469293306476402,216.47157289515872,"[-283.0, -12.29998779296875]",True,False
72,72,0.8587331952820705,216.48337706025302,"[-281.6000061035156, -13.399993896484375]",True,False
73,73,0.8704409127728923,216.49506915383301,"[-280.1000061035156, -13.20001220703125]",True,False
74,74,0.8822534907421868,216.50689735571314,"[-279.70001220703125, -12.500000000000057]",True,False
75,75,0.8939699215679866,216.5186140869987,"[-277.79998779296875, -13.70001220703125]",True,False
76,76,0.905780696778379,216.53040923829826,"[-279.1000061035156, -15.100006103515568]",True,False
77,77,0.9175145542737937,216.54214279533392,"[-280.0, -14.899993896484432]",True,False
78,78,0.9292805609704828,216.5539088020306,"[-280.29998779296875, -13.999999999999943]",True,False
79,79,0.9410618911181245,216.56569043263812,"[-280.20001220703125, -13.29998779296875]",True,False
80,80,0.9527846316001387,216.57741287266026,"[-281.20001220703125, -15.70001220703125]",True,False
81,81,0.9645866934756668,216.58921523499555,"[-280.70001220703125, -14.79998779296875]",True,False
82,82,0.9762814911940723,216.60090943179443,"[-281.6000061035156, -14.600006103515625]",True,False
83,83,0.9880559107658655,216.61268415182587,"[-281.20001220703125, -14.700012207031307]",True,False
84,84,0.9998162087258606,216.62444475024574,"[-280.29998779296875, -14.79998779296875]",True,False
85,85,1.0115966374939944,216.63622517901388,"[-283.6000061035156, -14.700012207031307]",True,False
86,86,1.0233166738375985,216.64794491489772,"[-283.1000061035156, -13.20001220703125]",True,False
87,87,1.0351106232978964,216.65973916481778,"[-284.3999938964844, -15.20001220703125]",True,False
88,88,1.0468619074631533,216.67148924714377,"[-283.5, -12.700012207031307]",True,False
89,89,1.0586234072624165,216.68325164832254,"[-284.3999938964844, -14.100006103515625]",True,False
90,90,1.0703725882090112,216.69500082926913,"[-283.70001220703125, -14.399993896484375]",True,False
91,91,1.0821473082405646,216.7067743474613,"[-281.5, -11.600006103515682]",True,False
92,92,1.093870349182339,216.7184973884032,"[-284.0, -13.100006103515568]",True,False
93,93,1.1056270416245297,216.73025438130514,"[-284.20001220703125, -12.500000000000057]",True,False
94,94,1.1174119772899758,216.74203901651083,"[-287.1000061035156, -11.600006103515682]",True,False
95,95,1.1291593554775545,216.7537863946984,"[-287.29998779296875, -10.500000000000057]",True,False
96,96,1.14094338976372,216.76557042898446,"[-287.5, -10.500000000000057]",True,False
97,97,1.1527403438221882,216.7773676835028,"[-288.1000061035156, -11.799987792968693]",True,False
98,98,1.1644582769470162,216.78908531616787,"[-286.29998779296875, -12.29998779296875]",True,False
99,99,1.176245015371478,216.80087205459233,"[-286.1000061035156, -11.0]",True,False
100,100,1.187998402755511,216.81262574243624,"[-286.5, -10.20001220703125]",True,False
101,101,1.1997295561126293,216.82435659533348,"[-287.20001220703125, -9.799987792968693]",True,False
102,102,1.2114961637289525,216.8361232029498,"[-285.8999938964844, -12.600006103515625]",True,False
103,103,1.2232426405370234,216.84786967975788,"[-287.1000061035156, -11.799987792968693]",True,False
104,104,1.235024271144539,216.8596513103654,"[-285.70001220703125, -10.100006103515625]",True,False
105,105,1.2467785599080798,216.87140559912882,"[-284.79998779296875, -11.999999999999943]",True,False
106,106,1.2585779176451979,216.88320495686594,"[-283.20001220703125, -12.899993896484318]",True,False
107,107,1.2702931466316159,216.89492018585236,"[-282.3999938964844, -13.799987792968807]",True,False
108,108,1.282051341372835,216.90667868105345,"[-283.6000061035156, -12.399993896484375]",True,False
109,109,1.2938143434712401,216.91844138269198,"[-284.8999938964844, -11.0]",True,False
110,110,1.3055869602840176,216.93021399950476,"[-285.6000061035156, -14.700012207031307]",True,False
111,111,1.317361680315571,216.9419887195363,"[-286.3999938964844, -15.299987792968693]",True,False
112,112,1.3290979414896356,216.95372528117025,"[-286.70001220703125, -13.70001220703125]",True,False
113,113,1.3408849803739713,216.9655261412065,"[-285.5, -16.000000000000057]",True,False
114,114,1.352660601784919,216.97728764100577,"[-284.79998779296875, -13.399993896484375]",True,False
115,115,1.3643659155972045,216.98899295481806,"[-284.70001220703125, -12.79998779296875]",True,False
116,116,1.3761235094187896,217.00075054863964,"[-281.0, -16.200012207031193]",True,False
117,117,1.3878871124368288,217.01251415165768,"[-284.3999938964844, -17.100006103515682]",True,False
118,118,1.3996654379863003,217.02429247720704,"[-286.20001220703125, -16.100006103515625]",True,False
119,119,1.4114074078970589,217.0360344471178,"[-283.29998779296875, -16.000000000000057]",True,False
120,120,1.4231764191919183,217.04780345841277,"[-285.1000061035156, -17.499999999999943]",True,False
121,121,1.4349493364644559,217.05958989637736,"[-283.79998779296875, -13.399993896484375]",True,False
122,122,1.4466991183306845,217.07132615755143,"[-285.29998779296875, -14.79998779296875]",True,False
123,123,1.4584473978977712,217.0830744371185,"[-286.79998779296875, -12.29998779296875]",True,False
124,124,1.4702296294248072,217.0948563681858,"[-286.6000061035156, -13.999999999999943]",True,False
125,125,1.4819992416394143,217.10662628086016,"[-284.3999938964844, -14.79998779296875]",True,False
126,126,1.493741512009933,217.1183685512308,"[-286.3999938964844, -14.700012207031307]",True,False
127,127,1.505529752733537,217.1301567919544,"[-283.70001220703125, -14.200012207031193]",True,False
128,128,1.5172807364390337,217.14190747520001,"[-286.29998779296875, -14.200012207031193]",True,False
129,129,1.5290284150863727,217.15365545430723,"[-286.20001220703125, -14.700012207031307]",True,False
130,130,1.540773690055289,217.16540072927603,"[-285.0, -13.799987792968807]",True,False
131,131,1.5526553737839777,217.1772827134647,"[-286.3999938964844, -13.29998779296875]",True,False
132,132,1.564322829658522,217.18895016933914,"[-286.70001220703125, -13.600006103515682]",True,False
133,133,1.5760900381944793,217.2007173778751,"[-288.3999938964844, -13.29998779296875]",True,False
134,134,1.5878782789180832,217.21250531813882,"[-288.29998779296875, -13.100006103515568]",True,False
135,135,1.5996280607841982,217.22425510000505,"[-286.1000061035156, -14.100006103515625]",True,False
136,136,1.6114442442714108,217.23607308625117,"[-285.70001220703125, -14.29998779296875]",True,False
137,137,1.6231558677400244,217.24778410880003,"[-284.20001220703125, -15.600006103515625]",True,False
138,138,1.634963938811893,217.25960600102394,"[-285.8999938964844, -18.70001220703125]",True,False
139,139,1.6466881815930492,217.27131672311305,"[-287.20001220703125, -16.600006103515625]",True,False
140,140,1.658435559780628,217.28306380084075,"[-288.3999938964844, -18.399993896484318]",True,False
141,141,1.670238523035664,217.2948667640958,"[-286.8999938964844, -18.79998779296875]",True,False
142,142,1.681988905821413,217.30663096803346,"[-288.3999938964844, -18.600006103515568]",True,False
143,143,1.6937197587187711,217.3183467979395,"[-286.79998779296875, -17.799987792968807]",True,False
144,144,1.7054773525403562,217.3301043917611,"[-289.6000061035156, -13.399993896484375]",True,False
145,145,1.7172235288885531,217.3418505681094,"[-289.29998779296875, -17.20001220703125]",True,False
146,146,1.7289997512192485,217.3536267904401,"[-288.0, -16.600006103515625]",True,False
147,147,1.7407675606748398,217.3653945998957,"[-287.6000061035156, -14.600006103515625]",True,False
148,148,1.75249751219269,217.37712455141343,"[-290.79998779296875, -14.79998779296875]",True,False
149,149,1.7642692276259595,217.3888962668467,"[-289.1000061035156, -14.399993896484375]",True,False
150,150,1.7756329186186122,217.40025995783947,"[-289.79998779296875, -13.29998779296875]",True,False
151,151,1.7874124460073517,217.4120394852282,"[-290.29998779296875, -9.0]",True,False
152,152,1.7991895697174414,217.4238166089383,"[-288.6000061035156, -9.600006103515682]",True,False
153,153,1.810938450204162,217.43556578988478,"[-289.79998779296875, -8.600006103515625]",True,False
154,154,1.8227182780526618,217.44734531727352,"[-291.1000061035156, -11.70001220703125]",True,False
155,155,1.8344413189945499,217.4590683582154,"[-290.70001220703125, -13.70001220703125]",True,False
156,156,1.846236169834242,217.47086350951497,"[-290.79998779296875, -13.100006103515568]",True,False
157,157,1.8579513988207736,217.4825787385014,"[-291.5, -11.100006103515568]",True,False
158,158,1.8697008802271284,217.49432791944787,"[-291.3999938964844, -14.29998779296875]",True,False
159,159,1.8814569717495715,217.5060843114302,"[-289.1000061035156, -11.100006103515568]",True,False
160,160,1.893232292700759,217.5178593319215,"[-290.1000061035156, -11.5]",True,False
161,161,1.905024739861915,217.5296532813818,"[-289.20001220703125, -11.0]",True,False
162,162,1.9167282509151846,217.5413564919753,"[-292.5, -11.5]",True,False
163,163,1.928490351634082,217.5531185926942,"[-290.70001220703125, -10.79998779296875]",True,False
164,164,1.9402236082099762,217.56485214972986,"[-291.70001220703125, -12.200012207031193]",True,False
165,165,1.9520262710051384,217.57665451206526,"[-290.8999938964844, -13.100006103515568]",True,False
166,166,1.9637748510319852,217.58840339255198,"[-291.3999938964844, -11.600006103515682]",True,False
167,167,1.9755153186436019,217.60014235786446,"[-292.29998779296875, -10.700012207031307]",True,False
168,168,1.9872906395947894,217.6119179792754,"[-292.0, -9.600006103515682]",True,False
169,169,1.999071368822797,217.62369840804365,"[-290.3999938964844, -8.79998779296875]",True,False
170,170,2.010828662184622,217.6354572037045,"[-289.5, -10.100006103515625]",True,False
171,171,2.022558313242598,217.64718535246334,"[-288.0, -9.70001220703125]",True,False
172,172,2.0343546663814323,217.65898200606205,"[-290.1000061035156, -8.20001220703125]",True,False
173,173,2.0461537236586764,217.6707810633393,"[-287.6000061035156, -10.79998779296875]",True,False
174,174,2.057851225515492,217.6824785651961,"[-290.79998779296875, -10.79998779296875]",True,False
175,175,2.0696058147389067,217.69423285395965,"[-289.0, -11.600006103515682]",True,False
176,176,2.081405472935785,217.70603251215653,"[-288.0, -12.399993896484375]",True,False
177,177,2.093167573654682,217.71779461287554,"[-291.20001220703125, -12.899993896484318]",True,False
178,178,2.104914951842261,217.72954229152288,"[-291.29998779296875, -11.70001220703125]",True,False
179,179,2.1166424996814612,217.74126983936208,"[-290.29998779296875, -12.700012207031307]",True,False
180,180,2.128423228909469,217.75305026813032,"[-291.3999938964844, -11.600006103515682]",True,False
181,181,2.140219882508177,217.76484692172903,"[-293.29998779296875, -10.600006103515625]",True,False
182,182,2.1519375151732447,217.77657957738518,"[-290.3999938964844, -11.70001220703125]",True,False
183,183,2.1636821892224134,217.78830922844315,"[-291.6000061035156, -11.5]",True,False
184,184,2.1754469940797208,217.80007403330058,"[-291.79998779296875, -11.399993896484432]",True,False
185,185,2.187215103995186,217.81184214321593,"[-289.5, -10.500000000000057]",True,False
186,186,2.1989934295445437,217.8236204687654,"[-291.1000061035156, -10.899993896484318]",True,False
187,187,2.210724582901662,217.83535222304215,"[-292.0, -9.999999999999943]",True,False
188,188,2.222482176723247,217.8471092159441,"[-291.1000061035156, -9.0]",True,False
189,189,2.2342623050316206,217.85888934425236,"[-292.29998779296875, -10.299987792968807]",True,False
190,190,2.246034921844398,217.87066196106514,"[-290.6000061035156, -11.799987792968693]",True,False
191,191,2.2577663756612765,217.88239341488213,"[-288.70001220703125, -10.899993896484318]",True,False
192,192,2.2695329832775997,217.89416002249834,"[-291.29998779296875, -12.500000000000057]",True,False
193,193,2.281305600090377,217.90593263931112,"[-289.1000061035156, -12.29998779296875]",True,False
194,194,2.2930803201219305,217.91770735934267,"[-289.0, -12.100006103515625]",True,False
195,195,2.304811773938809,217.92943881315966,"[-292.20001220703125, -11.70001220703125]",True,False
196,196,2.316571771439044,217.94119881065978,"[-288.79998779296875, -12.500000000000057]",True,False
197,197,2.328399672859291,217.95302641162027,"[-289.8999938964844, -13.0]",True,False
198,198,2.340198429676775,217.96482546889752,"[-290.3999938964844, -13.600006103515682]",True,False
199,199,2.3518553694574393,217.97648210821842,"[-298.20001220703125, -20.600006103515568]",True,False
200,200,2.3636126628191505,217.98823970204,"[-298.70001220703125, -17.70001220703125]",True,False
201,201,2.3753789699756,218.00000600919645,"[-296.79998779296875, -20.29998779296875]",True,False
202,202,2.3871651074804277,218.01179214670128,"[-294.20001220703125, -19.79998779296875]",True,False
203,203,2.3989548505031735,218.0235821901838,"[-294.6000061035156, -19.700012207031193]",True,False
204,204,2.410654455578765,218.03528149479962,"[-291.3999938964844, -21.100006103515682]",True,False
205,205,2.422420462275454,218.0470475014963,"[-292.70001220703125, -21.0]",True,False
206,206,2.43421290943661,218.05883994865735,"[-293.70001220703125, -22.100006103515625]",True,False
207,207,2.445960888543823,218.07058822822444,"[-295.20001220703125, -19.0]",True,False
208,208,2.4576959478786193,218.08232298709947,"[-294.0, -18.79998779296875]",True,False
209,209,2.4694613536555607,218.09408809241665,"[-298.0, -20.5]",True,False
210,210,2.481235773227354,218.10586311290797,"[-295.70001220703125, -17.70001220703125]",True,False
211,211,2.4930038831427055,218.11763122282332,"[-295.20001220703125, -18.200012207031307]",True,False
212,212,2.504777701794751,218.1294047410156,"[-295.6000061035156, -19.0]",True,False
213,213,2.516537699294986,218.14116473851584,"[-295.0, -24.29998779296875]",True,False
214,214,2.5282805705852525,218.152907609806,"[-188.20001220703125, 54.0]",False,False
215,215,2.5400342584290456,218.16467662110085,"[-307.6000061035156, -305.70001220703125]",False,False
216,216,2.5517819370764983,218.17640897629724,"(99999, 99999)",False,False
217,217,2.563570177800102,218.18819721702084,"(99999, 99999)",False,False
218,218,2.575331978059239,218.19995901727998,"(99999, 99999)",False,False
219,219,2.587110303608597,218.21173734282945,"(99999, 99999)",False,False
220,220,2.598824330755747,218.2234513699766,"(99999, 99999)",False,False
221,221,2.61058583055501,218.23521286977586,"(99999, 99999)",False,False
222,222,2.622383385533226,218.24701042475397,"(99999, 99999)",False,False
223,223,2.634178236372918,218.25880527559377,"(99999, 99999)",False,False
224,224,2.645897671796888,218.2705250114775,"(99999, 99999)",False,False
225,225,2.6576297265335143,218.28225676575425,"(99999, 99999)",False,False
226,226,2.6693933295515535,218.2940203687723,"(99999, 99999)",False,False
227,227,2.6812203295924064,218.30584766927302,"(99999, 99999)",False,False
228,228,2.6929734165165655,218.31760045573742,"(99999, 99999)",False,False
229,229,2.704677528489583,218.32930456771044,"(99999, 99999)",False,False
230,230,2.716429714034348,218.3410567532552,"(99999, 99999)",False,False
231,231,2.7282495030394784,218.35287654226022,"[-293.0, -8.79998779296875]",True,False
232,232,2.7399647320258964,218.36459177124664,"[-293.79998779296875, -15.20001220703125]",True,False
233,233,2.751711509293841,218.37633854851458,"[-292.6000061035156, -21.100006103515682]",True,False
234,234,2.7634739104726123,218.38810125015323,"[-293.20001220703125, -20.5]",True,False
235,235,2.775248029584418,218.39987506880527,"[-292.1000061035156, -19.79998779296875]",True,False
236,236,2.787009829843555,218.41163716952417,"[-292.6000061035156, -19.299987792968693]",True,False
237,237,2.798759912169544,218.4233869513904,"[-292.0, -18.100006103515625]",True,False
238,238,2.810513900473211,218.43514093969407,"[-292.6000061035156, -16.399993896484318]",True,False
239,239,2.822280508089534,218.4469075473104,"[-294.5, -15.0]",True,False
240,240,2.834072053871182,218.45869909309204,"[-293.3999938964844, -16.100006103515625]",True,False
241,241,2.8458434688446914,218.47047050806555,"[-292.20001220703125, -16.29998779296875]",True,False
242,242,2.8576067714029705,218.4822338106237,"[-293.70001220703125, -15.70001220703125]",True,False
243,243,2.869381491434524,218.49400853065526,"[-290.6000061035156, -17.799987792968807]",True,False
244,244,2.8811604179035157,218.5057871566645,"[-288.70001220703125, -19.20001220703125]",True,False
245,245,2.8928425963093787,218.51746963553023,"[-290.5, -18.79998779296875]",True,False
246,246,2.904647362323317,218.52927440154406,"[-289.29998779296875, -19.79998779296875]",True,False
247,247,2.916405256604662,218.54103199536564,"[-291.5, -17.70001220703125]",True,False
248,248,2.928224745149919,218.55285178437077,"[-293.70001220703125, -16.29998779296875]",True,False
249,249,2.9399321621809804,218.56455920140183,"[-294.0, -16.100006103515625]",True,False
250,250,2.9516885541632973,218.57631529292428,"[-291.5, -17.0]",True,False
251,251,2.9634530585608445,218.58808009778159,"[-293.6000061035156, -19.79998779296875]",True,False
252,252,2.9752352900878805,218.59986232930873,"[-290.8999938964844, -18.600006103515568]",True,False
253,253,2.986944509877844,218.6115715490987,"[-292.1000061035156, -17.70001220703125]",True,False
254,254,2.99872884462377,218.62335618430438,"[-292.8999938964844, -17.0]",True,False
255,255,3.010491245802541,218.63511858548316,"[-291.79998779296875, -15.299987792968693]",True,False
256,256,3.0221950573156846,218.6468223969963,"[-293.70001220703125, -15.70001220703125]",True,False
257,257,3.03404218816479,218.65866922738553,"[-285.3999938964844, -18.200012207031307]",True,False
258,258,3.0457784493388544,218.6704054885597,"[-289.20001220703125, -18.29998779296875]",True,False
259,259,3.0575372449997076,218.68216428422056,"[-288.8999938964844, -19.0]",True,False
260,260,3.069266896057684,218.69389393527854,"[-287.5, -19.20001220703125]",True,False
261,261,3.081025090798903,218.70565213001976,"[-288.29998779296875, -20.200012207031307]",True,False
262,262,3.092783585999996,218.71741062522085,"[-290.0, -19.499999999999943]",True,False
263,263,3.1045282600491646,218.72915499881015,"[-288.79998779296875, -20.100006103515625]",True,False
264,264,3.1163152989335003,218.74094263861411,"[-288.70001220703125, -20.29998779296875]",True,False
265,265,3.1281422989743533,218.7527693381951,"[-289.20001220703125, -18.70001220703125]",True,False
266,266,3.139812458987194,218.7644397986678,"[-287.3999938964844, -17.499999999999943]",True,False
267,267,3.151572456487429,218.7761991952484,"[-289.5, -17.600006103515625]",True,False
268,268,3.1633432705411906,218.78797030976204,"[-289.70001220703125, -18.70001220703125]",True,False
269,269,3.1751369195416146,218.79976395876247,"[-290.79998779296875, -18.79998779296875]",True,False
270,270,3.186875283934569,218.8115023231553,"[-292.6000061035156, -19.700012207031193]",True,False
271,271,3.1986046345326713,218.82323167375353,"[-291.29998779296875, -21.299987792968807]",True,False
272,272,3.210394978475051,218.83502231815567,"[-290.8999938964844, -19.899993896484375]",True,False
273,273,3.222182918738781,218.8468102584194,"[-288.6000061035156, -19.499999999999943]",True,False
274,274,3.2339167762343095,218.85854411591492,"[-291.20001220703125, -19.899993896484375]",True,False
275,275,3.2456803792523488,218.87030771893296,"[-292.8999938964844, -20.70001220703125]",True,False
276,276,3.257415739047019,218.88204277826787,"[-292.20001220703125, -19.20001220703125]",True,False
277,277,3.269199172413437,218.89382771393332,"[-292.5, -19.700012207031193]",True,False
278,278,3.281003637967501,218.90563187902762,"[-291.6000061035156, -18.899993896484432]",True,False
279,279,3.2927110549985628,218.9173389955988,"[-294.79998779296875, -19.0]",True,False
280,280,3.3044818690523243,218.92911011011245,"[-292.20001220703125, -18.399993896484318]",True,False
281,281,3.3162653024188558,218.94089354347886,"[-293.0, -19.0]",True,False
282,282,3.328019591182283,218.95266345615323,"[-292.6000061035156, -17.899993896484375]",True,False
283,283,3.339740228445635,218.96436696720662,"[-292.79998779296875, -17.899993896484375]",True,False
284,284,3.351498423186854,218.9761254624076,"[-293.5, -20.100006103515625]",True,False
285,285,3.3632800537942558,218.9879070930151,"[-291.0, -17.899993896484375]",True,False
286,286,3.37509233130379,218.9997196709844,"[-292.20001220703125, -19.0]",True,False
287,287,3.386804555692038,219.01143159491278,"[-291.70001220703125, -18.100006103515625]",True,False
288,288,3.3985465256027965,219.02317356482354,"[-290.5, -19.700012207031193]",True,False
289,289,3.410319743335208,219.03494678255595,"[-291.70001220703125, -17.899993896484375]",True,False
290,290,3.422226665689095,219.04686752606187,"[-292.6000061035156, -15.899993896484375]",True,False
291,291,3.4339121491530022,219.05853948883373,"[-290.70001220703125, -18.70001220703125]",True,False
292,292,3.4456411992913445,219.0702682385122,"[-292.0, -18.399993896484318]",True,False
293,293,3.457392483456715,219.08201982313733,"[-293.20001220703125, -17.0]",True,False
294,294,3.4691281437111456,219.09375548339176,"[-291.29998779296875, -16.000000000000057]",True,False
295,295,3.480919989952554,219.10554732963328,"[-291.0, -16.70001220703125]",True,False
296,296,3.4926757810152367,219.11730312069585,"[-292.20001220703125, -16.100006103515625]",True,False
297,297,3.5044673267968847,219.12909526739713,"[-292.29998779296875, -17.299987792968693]",True,False
298,298,3.5162092967076433,219.14083783822764,"[-293.29998779296875, -16.5]",True,False
299,299,3.5279795098418845,219.15260805136177,"[-294.20001220703125, -16.200012207031193]",True,False
300,300,3.539741310100908,219.16436925070127,"[-293.29998779296875, -13.29998779296875]",True,False
301,301,3.5514931951859126,219.1761217367058,"[-294.29998779296875, -14.100006103515625]",True,False
302,302,3.5631961053195482,219.1878240459198,"[-293.20001220703125, -13.70001220703125]",True,False
303,303,3.5750065800700668,219.19963512159006,"[-294.3999938964844, -15.0]",True,False
304,304,3.586734728829015,219.21136176804976,"[-295.79998779296875, -13.600006103515682]",True,False
305,305,3.5984697881638112,219.22309682738455,"[-293.5, -14.600006103515625]",True,False
306,306,3.6102472123337748,219.23487425155452,"[-293.70001220703125, -13.999999999999943]",True,False
307,307,3.622080522030842,219.24670786171157,"[-293.70001220703125, -14.600006103515625]",True,False
308,308,3.633757893079519,219.25838493230037,"[-294.3999938964844, -14.5]",True,False
309,309,3.645518191039514,219.27014553072013,"[-294.79998779296875, -15.299987792968693]",True,False
310,310,3.6572944133702094,219.28192175305082,"[-295.1000061035156, -14.700012207031307]",True,False
311,311,3.669073640299075,219.29370067951993,"[-294.0, -14.29998779296875]",True,False
312,312,3.680794578022187,219.30542161724304,"[-294.70001220703125, -13.999999999999943]",True,False
313,313,3.6925548759821822,219.3171822156628,"[-294.3999938964844, -14.79998779296875]",True,False
314,314,3.704299550031351,219.32892779109147,"[-295.6000061035156, -15.0]",True,False
315,315,3.716166210768961,219.34079385090945,"[-295.1000061035156, -13.899993896484375]",True,False
316,316,3.727854698831038,219.35248203851165,"[-296.1000061035156, -15.0]",True,False
317,317,3.7395960678221627,219.36422310704302,"[-296.79998779296875, -15.100006103515568]",True,False
318,318,3.75135546440265,219.3759825036235,"[-294.70001220703125, -13.5]",True,False
319,319,3.763161131796096,219.38778817101684,"[-294.5, -14.5]",True,False
320,320,3.7748985948094287,219.39954095748135,"[-296.1000061035156, -16.200012207031193]",True,False
321,321,3.786662498287342,219.4112895375082,"[-294.1000061035156, -16.000000000000057]",True,False
322,322,3.79840416773834,219.42303150741895,"[-294.5, -14.700012207031307]",True,False
323,323,3.810188802944026,219.43481584216477,"[-295.1000061035156, -16.399993896484318]",True,False
324,324,3.8219205572207784,219.44654759644152,"[-295.8999938964844, -13.29998779296875]",True,False
325,325,3.8336805547208996,219.45830759394175,"[-295.3999938964844, -13.100006103515568]",True,False
326,326,3.845442955899671,219.47006999512053,"[-294.8999938964844, -15.5]",True,False
327,327,3.8572224832884103,219.48184952250926,"[-295.79998779296875, -15.0]",True,False
328,328,3.8689809784895033,219.49360831817012,"[-295.29998779296875, -17.70001220703125]",True,False
329,329,3.8807809371461417,219.505407976367,"[-297.29998779296875, -14.79998779296875]",True,False
330,330,3.892516897860446,219.5171439370813,"[-295.8999938964844, -15.0]",True,False
331,331,3.904298828927722,219.52892586814858,"[-295.29998779296875, -14.200012207031193]",True,False
332,332,3.916015560213282,219.540642899894,"[-295.6000061035156, -14.899993896484432]",True,False
333,333,3.9278380533568225,219.55246539303744,"[-297.1000061035156, -14.600006103515625]",True,False
334,334,3.9395887366024454,219.5642166772028,"[-297.1000061035156, -14.5]",True,False
335,335,3.9513607524955887,219.57598929401547,"[-295.6000061035156, -13.799987792968807]",True,False
336,336,3.9631471904602904,219.5877904545116,"[-296.0, -15.100006103515568]",True,False
337,337,3.974839584500046,219.5994684264798,"[-296.20001220703125, -16.200012207031193]",True,False
338,338,3.986607093495877,219.611235334556,"[-297.0, -13.999999999999943]",True,False
339,339,3.9983496643262697,219.62297850630603,"[-294.3999938964844, -14.200012207031193]",True,False
340,340,4.010203104831589,219.6348313458917,"[-295.8999938964844, -14.79998779296875]",True,False
341,341,4.021958895894272,219.64658833879366,"[-295.5, -13.999999999999943]",True,False
342,342,4.033686143273599,219.65831498525336,"[-296.29998779296875, -16.100006103515625]",True,False
343,343,4.045437126979095,219.67006596895885,"[-293.1000061035156, -13.799987792968807]",True,False
344,344,4.057225968622333,219.6818548106021,"[-297.20001220703125, -14.200012207031193]",True,False
345,345,4.068993477618164,219.69362201913805,"[-296.29998779296875, -14.700012207031307]",True,False
346,346,4.08069127993474,219.7053183191556,"[-296.0, -14.79998779296875]",True,False
347,347,4.092449775135833,219.7170768143567,"[-296.1000061035156, -13.100006103515568]",True,False
348,348,4.104199557002062,219.7288265962228,"[-295.3999938964844, -14.29998779296875]",True,False
349,349,4.115934315876984,219.74056135509784,"[-296.70001220703125, -12.79998779296875]",True,False
350,350,4.1277009234933075,219.7523276622543,"[-295.3999938964844, -16.200012207031193]",True,False
351,351,4.139458817774653,219.7640858569955,"[-296.3999938964844, -13.29998779296875]",True,False
352,352,4.151232636426812,219.7758593751878,"[-296.1000061035156, -15.20001220703125]",True,False
353,353,4.163014567494088,219.78764160671483,"[-296.70001220703125, -16.000000000000057]",True,False
354,354,4.174753532806562,219.79938057202742,"[-297.3999938964844, -13.799987792968807]",True,False
355,355,4.186495202257561,219.8111222414783,"[-298.0, -14.600006103515625]",True,False
356,356,4.198273227347158,219.82290056702777,"[-298.20001220703125, -14.899993896484432]",True,False
357,357,4.210091213593273,219.83471825281413,"[-298.6000061035156, -13.399993896484375]",True,False
358,358,4.221779100735716,219.84640613995657,"[-299.0, -14.600006103515625]",True,False
359,359,4.233542102834122,219.85816914205498,"[-298.29998779296875, -15.799987792968807]",True,False
360,360,4.245321029303227,219.86994806852408,"[-299.79998779296875, -14.600006103515625]",True,False
361,361,4.2571534376209,219.88178077730151,"[-299.29998779296875, -14.399993896484375]",True,True
362,362,4.268876178102914,219.89351733893545,"[-298.79998779296875, -12.100006103515625]",True,True
363,363,4.280622654911099,219.90524969413184,"[-300.20001220703125, -15.0]",True,True
364,364,4.29319840083258,219.9178257405132,"[-300.20001220703125, -15.20001220703125]",True,True
365,365,4.304132133817575,219.9287594734982,"[-297.79998779296875, -15.100006103515568]",True,True
366,366,4.315896337755248,219.9405242783556,"[-297.5, -15.799987792968807]",True,True
367,367,4.327647021000871,219.95227556252087,"[-297.79998779296875, -15.70001220703125]",True,True
368,368,4.339432257126305,219.96405959680692,"[-296.1000061035156, -16.5]",True,False
369,369,4.351212685894438,219.97584002557505,"[-297.3999938964844, -15.0]",True,False
370,370,4.363179399753335,219.98780703989382,"[-299.3999938964844, -16.000000000000057]",True,False
371,371,4.374739891930631,219.99936723161125,"[-296.79998779296875, -16.000000000000057]",True,False
372,372,4.386494781613806,220.01112392405332,"[-297.0, -14.79998779296875]",True,False
373,373,4.398271905323895,220.02289954546438,"[-296.6000061035156, -13.899993896484375]",True,False
374,374,4.410061047427007,220.03468928848702,"[-296.0, -13.100006103515568]",True,False
375,375,4.421772069975873,220.04640361609404,"[-297.6000061035156, -14.29998779296875]",True,False
376,376,4.433640533472385,220.05826817361287,"[-297.3999938964844, -15.20001220703125]",True,False
377,377,4.4452716337082165,220.0699001752281,"[-297.29998779296875, -14.200012207031193]",True,False
378,378,4.4570640808693724,220.0816911200901,"[-296.0, -15.799987792968807]",True,False
379,379,4.468835495842768,220.0934628355235,"[-294.0, -15.70001220703125]",True,False
380,380,4.480603305298359,220.1052303445192,"[-293.20001220703125, -13.999999999999943]",True,False
381,381,4.493744516608217,220.11837155582896,"[-294.70001220703125, -12.79998779296875]",True,False
382,382,4.504107075468255,220.1287341146891,"[-294.20001220703125, -14.200012207031193]",True,False
383,383,4.515795863990206,220.14042290321106,"[-294.79998779296875, -13.999999999999943]",True,False
384,384,4.5275594670082455,220.15218680668897,"[-294.8999938964844, -13.100006103515568]",True,False
385,385,4.539339895776493,220.16396693499723,"[-294.5, -13.20001220703125]",True,False
386,386,4.551083968906028,220.17571100812677,"[-294.29998779296875, -12.500000000000057]",True,False
387,387,4.5638472017575396,220.1884742409784,"[-296.8999938964844, -14.399993896484375]",True,False
388,388,4.574656243915683,220.19929710428835,"[-294.1000061035156, -13.999999999999943]",True,False
389,389,4.586433367625773,220.21106040684663,"[-293.5, -14.200012207031193]",True,False
390,390,4.598152202130109,220.22277954181072,"[-291.5, -13.70001220703125]",True,False
391,391,4.609912800549978,220.23454254390913,"[-293.3999938964844, -12.600006103515625]",True,False
392,392,4.6216511649428185,220.24627850462343,"[-294.1000061035156, -11.100006103515568]",True,False
393,393,4.633438504286914,220.25806674534704,"[-295.20001220703125, -12.500000000000057]",True,False
394,394,4.645200004086178,220.26982884606593,"[-294.0, -13.399993896484375]",True,False
395,395,4.656966010782867,220.28159485276262,"[-292.79998779296875, -15.799987792968807]",True,False
396,396,4.668688150345247,220.29331549002586,"[-293.0, -16.29998779296875]",True,False
397,397,4.6804667763544785,220.3050941160351,"[-292.8999938964844, -14.5]",True,False
398,398,4.692247205122726,220.31687424434347,"[-293.5, -15.70001220703125]",True,False
399,399,4.704035145386456,220.32866248506707,"[-294.70001220703125, -14.399993896484375]",True,False
400,400,4.7157729088596625,220.34040084946002,"[-295.20001220703125, -14.100006103515625]",True,False
401,401,4.727528699922345,220.3521557391432,"[-296.0, -13.20001220703125]",True,False
402,402,4.739260454199098,220.3638877938797,"[-295.6000061035156, -13.399993896484375]",True,False
403,403,4.75105260090038,220.37567933966136,"[-295.6000061035156, -13.799987792968807]",True,False
404,404,4.7627660271278955,220.38739306634875,"[-293.8999938964844, -14.100006103515625]",True,False
405,405,4.774529930605809,220.39915696982655,"[-296.70001220703125, -14.399993896484375]",True,False
406,406,4.786292031324706,220.4109187700857,"[-296.8999938964844, -14.100006103515625]",True,False
407,407,4.798170409995464,220.4227974492162,"[-294.79998779296875, -13.70001220703125]",True,False
408,408,4.809854992079863,220.43448203130072,"[-295.29998779296875, -14.700012207031307]",True,False
409,409,4.821620397856805,220.44624773753753,"[-293.1000061035156, -13.399993896484375]",True,False
410,410,4.833423661571601,220.45805100125233,"[-294.5, -13.600006103515682]",True,False
411,411,4.845174044357464,220.46980138403808,"[-296.0, -13.399993896484375]",True,False
412,412,4.856889573803755,220.48151691348437,"[-294.79998779296875, -13.399993896484375]",True,False
413,413,4.868667598893353,220.49329493857397,"[-293.29998779296875, -15.299987792968693]",True,False
414,414,4.880376818683317,220.50500385790406,"[-293.5, -15.100006103515568]",True,False
415,415,4.89223596792533,220.51686390852558,"[-291.29998779296875, -15.399993896484375]",True,False
416,416,4.904005580139824,220.52863442211958,"[-291.29998779296875, -14.100006103515625]",True,False
417,417,4.915720809126242,220.54034935064624,"[-292.3999938964844, -13.29998779296875]",True,False
418,418,4.927484111684521,220.55211295366428,"[-293.6000061035156, -13.899993896484375]",True,False
419,419,4.939238099988188,220.56386513920904,"[-294.6000061035156, -13.999999999999943]",True,False
420,420,4.951015223698278,220.575642563379,"[-293.0, -13.399993896484375]",True,False
421,421,4.962749081193806,220.58737642087442,"[-292.5, -13.20001220703125]",True,False
422,422,4.974506975475265,220.599134014696,"[-291.5, -16.600006103515625]",True,False
423,423,4.98626727343526,220.610894312656,"[-292.0, -13.5]",True,False
424,424,4.998078048645652,220.62270538832627,"[-292.3999938964844, -13.799987792968807]",True,False
425,425,5.009736490725345,220.6343635299462,"[-292.0, -11.29998779296875]",True,False
426,426,5.021495286386312,220.6461220251473,"[-289.6000061035156, -11.20001220703125]",True,False
427,427,5.0332745133151775,220.65790155253592,"[-290.20001220703125, -12.100006103515625]",True,False
428,428,5.045065157717318,220.6696918964783,"[-289.3999938964844, -11.399993896484432]",True,False
429,429,5.056800817971748,220.68144137788465,"[-288.29998779296875, -11.70001220703125]",True,False
430,430,5.068567425588071,220.69319446480893,"[-289.70001220703125, -11.999999999999943]",True,False
431,431,5.080315705155158,220.70494304483577,"[-293.3999938964844, -11.799987792968693]",True,False
432,432,5.092205801758951,220.71683314143968,"[-292.79998779296875, -10.20001220703125]",True,False
433,433,5.103904204995274,220.7285315446759,"[-290.20001220703125, -11.0]",True,False
434,434,5.115632954673856,220.7402599938946,"[-289.0, -11.20001220703125]",True,False
435,435,5.127390548495441,220.75201758771618,"[-291.8999938964844, -11.799987792968693]",True,False
436,436,5.1391223027721935,220.7637496424528,"[-290.8999938964844, -13.5]",True,False
437,437,5.150880497513413,220.77550783719403,"[-290.0, -12.399993896484375]",True,False
438,438,5.16264530237072,220.78727234159157,"[-291.0, -11.799987792968693]",True,False
439,439,5.1743872722814785,220.79901431150233,"[-293.70001220703125, -12.79998779296875]",True,False
440,440,5.186164095531808,220.81079113475255,"[-296.3999938964844, -17.299987792968693]",True,False
441,441,5.197936712344585,220.82257727225738,"[-295.3999938964844, -17.299987792968693]",True,False
442,442,5.209668466621338,220.83429580630195,"[-294.3999938964844, -18.000000000000057]",True,False
443,443,5.221424858603541,220.8460518978244,"[-294.3999938964844, -16.79998779296875]",True,False
444,444,5.2332073905905645,220.8578344298113,"[-294.29998779296875, -17.799987792968807]",True,False
445,445,5.244987518898938,220.8696151590393,"[-293.79998779296875, -14.79998779296875]",True,False
446,446,5.256746014099917,220.8813745556199,"[-294.3999938964844, -13.70001220703125]",True,False
447,447,5.268525241028897,220.89315228024964,"[-293.29998779296875, -14.600006103515625]",True,False
448,448,5.280301763819352,220.9049288030401,"[-293.0, -13.5]",True,False
449,449,5.292135073516533,220.9167627136569,"[-294.79998779296875, -13.70001220703125]",True,False
450,450,5.303802829850838,220.92842986907158,"[-292.29998779296875, -17.100006103515682]",True,False
451,451,5.315558921373281,220.94018596059402,"[-293.3999938964844, -18.29998779296875]",True,False
452,452,5.327318317953768,220.95194535717462,"[-295.1000061035156, -16.200012207031193]",True,False
453,453,5.33909964810141,220.96372698778202,"[-296.1000061035156, -16.79998779296875]",True,False
454,454,5.350861748820421,220.97548878804116,"[-294.3999938964844, -14.899993896484432]",True,False
455,455,5.3626043196508135,220.98723165933143,"[-295.0, -15.20001220703125]",True,False
456,456,5.374366720829585,220.99899376005033,"[-296.5, -16.70001220703125]",True,False
457,457,5.386167881325605,221.01079492054635,"[-294.3999938964844, -14.5]",True,False
458,458,5.397926676986458,221.0225537162072,"[-297.20001220703125, -13.100006103515568]",True,False
459,459,5.409643408272018,221.03427044749276,"[-299.20001220703125, -13.899993896484375]",True,False
460,460,5.421403706232013,221.04603074545275,"[-296.3999938964844, -11.5]",True,False
461,461,5.433122841196109,221.05774988041696,"[-296.20001220703125, -13.29998779296875]",True,False
462,462,5.4448915520312084,221.06951889171182,"[-294.79998779296875, -12.700012207031307]",True,False
463,463,5.456665671143128,221.08129271036387,"[-295.6000061035156, -15.600006103515625]",True,False
464,464,5.4684470012907695,221.09307374005175,"[-290.79998779296875, -15.600006103515625]",True,False
465,465,5.480179056027282,221.10480609524814,"[-291.70001220703125, -13.399993896484375]",True,False
466,466,5.491940255366785,221.11656729458764,"[-292.20001220703125, -14.700012207031307]",True,False
467,467,5.5036798215990075,221.12830686081975,"[-290.8999938964844, -14.79998779296875]",True,False
468,468,5.515438617259861,221.1400656564806,"[-290.3999938964844, -14.100006103515625]",True,False
469,469,5.52721574096995,221.1518427801908,"[-290.8999938964844, -13.899993896484375]",True,False
470,470,5.539029220318753,221.16365655999937,"[-289.20001220703125, -15.0]",True,False
471,471,5.550718008840704,221.17534504806156,"[-290.3999938964844, -16.100006103515625]",True,False
472,472,5.562483414617759,221.1871104538385,"[-289.8999938964844, -15.600006103515625]",True,False
473,473,5.574261139247483,221.1988884789281,"[-289.5, -16.100006103515625]",True,False
474,474,5.586048779051453,221.2106758182722,"[-289.1000061035156, -15.899993896484375]",True,False
475,475,5.597785340685391,221.22241237990613,"[-288.0, -16.899993896484432]",True,False
476,476,5.609524305997866,221.23415134521872,"[-287.20001220703125, -16.600006103515625]",True,False
477,477,5.621287608556145,221.24591464777689,"[-287.8999938964844, -17.0]",True,False
478,478,5.633077652038651,221.25770439079963,"[-288.0, -17.399993896484375]",True,False
479,479,5.644849667931794,221.26947670715253,"[-285.8999938964844, -16.600006103515625]",True,False
480,480,5.656594642440723,221.28122168166158,"[-289.29998779296875, -17.600006103515625]",True,False
481,481,5.668328499936251,221.2929555391571,"[-288.8999938964844, -15.899993896484375]",True,False
482,482,5.680132064110921,221.30475910333166,"[-290.3999938964844, -17.799987792968807]",True,False
483,483,5.691867724365352,221.31649506404597,"[-289.79998779296875, -16.29998779296875]",True,False
484,484,5.7036126988743945,221.32823973809514,"[-289.1000061035156, -17.600006103515625]",True,False
485,485,5.71537059315574,221.33999733191672,"[-290.1000061035156, -16.600006103515625]",True,False
486,486,5.727146214566801,221.35177325378754,"[-289.3999938964844, -17.499999999999943]",True,False
487,487,5.738909216665206,221.36353625588595,"[-287.79998779296875, -16.79998779296875]",True,False
488,488,5.750681232558236,221.3753082717791,"[-289.3999938964844, -20.100006103515625]",True,False
489,489,5.762436723161159,221.3870637623819,"[-288.29998779296875, -19.399993896484375]",True,False
490,490,5.77419942479969,221.3988267644803,"[-289.6000061035156, -18.5]",True,False
491,491,5.785976248050019,221.410602986811,"[-291.79998779296875, -18.600006103515568]",True,False
492,492,5.7976968853132576,221.42232422499387,"[-289.29998779296875, -19.600006103515625]",True,False
493,493,5.809455080054477,221.43408211927533,"[-289.8999938964844, -19.700012207031193]",True,False
494,494,5.821231302385172,221.4458583416059,"[-290.1000061035156, -20.000000000000057]",True,False
495,495,5.833034265640094,221.45766130486095,"[-290.0, -18.79998779296875]",True,False
496,496,5.844735373014828,221.46936241223568,"[-289.1000061035156, -18.100006103515625]",True,False
497,497,5.85652181097953,221.48114915066014,"[-288.70001220703125, -17.499999999999943]",True,False
498,498,5.868264081350048,221.4928911205709,"[-289.6000061035156, -18.5]",True,False
499,499,5.880120826913526,221.50474786613427,"[-289.79998779296875, -18.200012207031307]",True,False
500,500,5.891804207158657,221.5164312463794,"[-290.5, -17.399993896484375]",True,False
501,501,5.903542872011258,221.5281699112321,"[-288.8999938964844, -15.600006103515625]",True,False
502,502,5.9152995644534485,221.53992690413406,"[-290.70001220703125, -15.100006103515568]",True,False
503,503,5.927100724949469,221.55172806463008,"[-291.6000061035156, -16.79998779296875]",True,False
504,504,5.938834281985123,221.56346132120598,"[-292.0, -16.100006103515625]",True,False
505,505,5.950583763391478,221.57521080261233,"[-290.79998779296875, -15.70001220703125]",True,False
506,506,5.962340756293429,221.58696779551417,"[-289.79998779296875, -15.799987792968807]",True,False
507,507,5.974104058851594,221.59873109807245,"[-287.79998779296875, -16.70001220703125]",True,False
508,508,5.985880882101924,221.61050822178254,"[-289.8999938964844, -16.899993896484432]",True,False
509,509,5.997654099834335,221.62228173997482,"[-290.1000061035156, -15.70001220703125]",True,False
510,510,6.00938735641023,221.63401439563108,"[-289.20001220703125, -16.399993896484318]",True,False
511,511,6.021161775981909,221.64578881520276,"[-290.5, -17.0]",True,False
512,512,6.032928383598232,221.65755572327885,"[-288.3999938964844, -16.600006103515625]",True,False
513,513,6.044691986616272,221.66931902583713,"[-289.20001220703125, -17.100006103515682]",True,False
514,514,6.056474819063055,221.68110215874367,"[-289.6000061035156, -17.399993896484375]",True,False
515,515,6.0682074747193155,221.69283481439993,"[-289.79998779296875, -15.70001220703125]",True,False
516,516,6.080086454309708,221.70471349353045,"[-289.1000061035156, -15.70001220703125]",True,False
517,517,6.091711244889211,221.71633828410995,"[-293.8999938964844, -15.600006103515625]",True,False
518,518,6.1035439536666445,221.7281709928875,"[-289.3999938964844, -15.100006103515568]",True,False
519,519,6.115271501505845,221.73989914164633,"[-292.29998779296875, -16.79998779296875]",True,False
520,520,6.12702879486767,221.75165613454828,"[-291.3999938964844, -14.29998779296875]",True,False
521,521,6.138782783171337,221.7634098223922,"[-291.29998779296875, -14.399993896484375]",True,False
522,522,6.150507326412367,221.7751343656331,"[-292.0, -13.600006103515682]",True,False
523,523,6.162329819555794,221.7869583610758,"[-293.20001220703125, -14.5]",True,False
524,524,6.174110548783801,221.79873878984392,"[-290.6000061035156, -15.299987792968693]",True,False
525,525,6.185848312257008,221.810476853777,"[-291.5, -16.000000000000057]",True,False
526,526,6.197598995502744,221.82222723656275,"[-289.29998779296875, -15.899993896484375]",True,False
527,527,6.209390541284392,221.83401848188464,"[-289.5, -16.600006103515625]",True,False
528,528,6.221098859694848,221.84572710075497,"[-288.20001220703125, -16.70001220703125]",True,False
529,529,6.23287748570408,221.85750512584457,"[-290.6000061035156, -16.399993896484318]",True,False
530,530,6.244647999298081,221.8692771417377,"[-286.8999938964844, -16.399993896484318]",True,False
531,531,6.256435639102051,221.88106388016217,"[-288.1000061035156, -16.899993896484432]",True,False
532,532,6.268156576825163,221.89278481788529,"[-289.20001220703125, -15.899993896484375]",True,False
533,533,6.27992378536112,221.90456765033207,"[-288.8999938964844, -16.70001220703125]",True,False
534,534,6.291658544236043,221.91628708575604,"[-290.79998779296875, -16.5]",True,False
535,535,6.303467216227659,221.92809545728778,"[-288.1000061035156, -15.0]",True,False
536,536,6.315203176941964,221.93983201892172,"[-289.70001220703125, -15.899993896484375]",True,False
537,537,6.326977296053883,221.95160433527462,"[-288.3999938964844, -14.399993896484375]",True,False
538,538,6.338727678839632,221.9633547180605,"[-289.1000061035156, -14.100006103515625]",True,False
539,539,6.350490080018403,221.97511741969902,"[-291.1000061035156, -13.999999999999943]",True,False
540,540,6.362246772460594,221.98687351122157,"[-289.20001220703125, -14.200012207031193]",True,False
541,541,6.3740509375547845,221.99867797677564,"[-291.3999938964844, -13.399993896484375]",True,False
542,542,6.385721998947133,222.010349038168,"[-290.8999938964844, -14.200012207031193]",True,False
543,543,6.39748650334468,222.02211354256553,"[-290.6000061035156, -13.799987792968807]",True,False
544,544,6.409251608661862,222.03387894834248,"[-291.70001220703125, -14.100006103515625]",True,False
545,545,6.421100542269869,222.04572818241036,"[-290.79998779296875, -12.600006103515625]",True,False
546,546,6.432810362979467,222.05743740220032,"[-291.70001220703125, -14.200012207031193]",True,False
547,547,6.444544520934869,222.06917186061548,"[-292.6000061035156, -12.700012207031307]",True,False
548,548,6.456341775453097,222.08098263582588,"[-292.1000061035156, -12.500000000000057]",True,False
549,549,6.468063614555717,222.0926912546962,"[-290.29998779296875, -11.899993896484375]",True,False
550,550,6.479855761256999,222.10448280047785,"[-290.79998779296875, -11.5]",True,False
551,551,6.491636790944881,222.11626473154513,"[-292.5, -12.399993896484375]",True,False
552,552,6.503400994882554,222.12802953640244,"[-291.1000061035156, -11.29998779296875]",True,False
553,553,6.515167602498877,222.139795843559,"[-291.0, -11.899993896484375]",True,False
554,554,6.526944125289333,222.1515729672691,"[-292.0, -12.700012207031307]",True,False
555,555,6.538681588302666,222.16331103120217,"[-293.0, -12.399993896484375]",True,False
556,556,6.550419351775986,222.17504639099673,"[-293.3999938964844, -14.899993896484432]",True,False
557,557,6.562175142838555,222.1868021820594,"[-294.5, -11.999999999999943]",True,False
558,558,6.573952567008519,222.19859733335898,"[-293.0, -11.20001220703125]",True,False
559,559,6.585699644736337,222.21032668395708,"[-294.8999938964844, -11.0]",True,False
560,560,6.5974644495936445,222.22209118835463,"[-294.29998779296875, -12.500000000000057]",True,False
561,561,6.609240071004592,222.23386711022545,"[-292.79998779296875, -11.0]",True,False
562,562,6.620973928500121,222.24560096772097,"[-294.79998779296875, -11.29998779296875]",True,False
563,563,6.632695166683106,222.25732220590385,"[-294.70001220703125, -11.999999999999943]",True,False
564,564,6.644479501428918,222.26910684110965,"[-295.5, -11.999999999999943]",True,False
565,565,6.656232287893317,222.28085932711417,"[-293.29998779296875, -11.70001220703125]",True,False
566,566,6.668054781036858,222.2926818202577,"[-294.1000061035156, -11.399993896484432]",True,False
567,567,6.679752583353547,222.30437992303416,"[-295.3999938964844, -9.600006103515682]",True,False
568,568,6.691501764300028,222.31612880352088,"[-295.29998779296875, -10.299987792968807]",True,False
569,569,6.703286099045954,222.32792695941862,"[-296.79998779296875, -11.5]",True,False
570,570,6.71508125034552,222.33970828956626,"[-296.3999938964844, -10.500000000000057]",True,False
571,571,6.726802788988266,222.35143012866888,"[-296.8999938964844, -12.200012207031193]",True,False
572,572,6.738576307180438,222.3632033464013,"[-295.79998779296875, -12.600006103515625]",True,False
573,573,6.75031346973401,222.37494050895486,"[-295.0, -12.100006103515625]",True,False
574,574,6.762152788627645,222.3867798278485,"[-295.0, -10.79998779296875]",True,False
575,575,6.77390196957424,222.398530811554,"[-295.6000061035156, -9.100006103515625]",True,False
576,576,6.7855994714310555,222.4102283134108,"[-295.5, -10.399993896484375]",True,False
577,577,6.797407842962798,222.4220363844828,"[-295.70001220703125, -12.200012207031193]",True,False
578,578,6.809132686663702,222.43376122818358,"[-294.20001220703125, -11.0]",True,False
579,579,6.820899594739785,222.4455278357999,"[-294.79998779296875, -12.600006103515625]",True,False
580,580,6.83264366786932,222.45727190892944,"[-294.6000061035156, -11.899993896484375]",True,True
581,581,6.84444212422693,222.4690697643673,"[-294.29998779296875, -12.29998779296875]",True,True
582,582,6.856205426785095,222.48083246600595,"[-295.70001220703125, -9.899993896484375]",True,True
583,583,6.867979245437255,222.49260598419824,"[-297.29998779296875, -12.399993896484375]",True,True
584,584,6.87966593074043,222.5042926695014,"[-296.5, -12.700012207031307]",True,True
585,585,6.891425627780791,222.51605266700153,"[-295.8999938964844, -11.799987792968693]",True,True
586,586,6.903328644157,222.52795568337785,"[-298.29998779296875, -12.500000000000057]",True,True
587,587,6.915000306468983,222.5396276461496,"[-297.8999938964844, -12.600006103515625]",True,False
588,588,6.92676991868359,222.5513972583642,"[-296.29998779296875, -12.399993896484375]",True,False
589,589,6.938527812964935,222.5631548521858,"[-297.29998779296875, -11.5]",True,False
590,590,6.95029862701881,222.5749391869316,"[-294.6000061035156, -12.399993896484375]",True,False
591,591,6.963903447836515,222.5885301865975,"[-296.5, -13.999999999999943]",True,False
592,592,6.973824330755747,222.5984513699766,"[-298.70001220703125, -15.399993896484375]",True,False
593,593,6.985559089630783,222.61018582839176,"[-295.8999938964844, -13.899993896484375]",True,False
594,594,6.997320288970172,222.62194702773115,"[-297.6000061035156, -15.299987792968693]",True,False
595,595,7.009082389689183,222.63370912845016,"[-297.20001220703125, -13.20001220703125]",True,False
596,596,7.02081234120692,222.64543938042777,"[-297.20001220703125, -13.399993896484375]",True,False
597,597,7.033536514281423,222.65816355350228,"[-295.6000061035156, -14.600006103515625]",True,False
598,598,7.044312806318771,222.66893984553963,"[-298.8999938964844, -13.600006103515682]",True,False
599,599,7.05621281809681,222.6808395568578,"[-297.20001220703125, -14.100006103515625]",True,False
600,600,7.06791092087326,222.6925379600941,"[-297.0, -13.799987792968807]",True,False
601,601,7.07962765215882,222.70425499183943,"[-299.1000061035156, -13.899993896484375]",True,False
602,602,7.09136842023031,222.71599545945116,"[-297.3999938964844, -13.0]",True,False
603,603,7.10375337416383,222.72838071384444,"[-299.3999938964844, -12.899993896484318]",True,False
604,604,7.114910649257581,222.7395509087106,"[-298.0, -11.899993896484375]",True,False
605,605,7.126642403534333,222.7512691422953,"[-299.5, -13.20001220703125]",True,False
606,606,7.138455281963502,222.76308262164412,"[-299.70001220703125, -14.29998779296875]",True,False
607,607,7.150193045436708,222.7748215869566,"[-299.8999938964844, -12.100006103515625]",True,False
608,608,7.162675348353105,222.7873029884936,"[-297.8999938964844, -12.200012207031193]",True,False
609,609,7.173679388936762,222.79830642815762,"[-299.70001220703125, -11.70001220703125]",True,False
610,610,7.185442991954915,222.81007003117566,"[-299.1000061035156, -14.200012207031193]",True,False
611,611,7.197221017044512,222.82184805626525,"[-299.3999938964844, -14.200012207031193]",True,False
612,612,7.209005952709958,222.83363269147094,"[-298.3999938964844, -12.600006103515625]",True,False
613,613,7.220756035035947,222.84538337471668,"[-299.0, -13.799987792968807]",True,False
614,614,7.232488991152081,222.85711603037282,"[-299.8999938964844, -11.600006103515682]",True,False
615,615,7.244241477156606,222.8688682159176,"[-300.0, -12.399993896484375]",True,False
616,616,7.256103030077156,222.88073036975788,"[-298.6000061035156, -12.29998779296875]",True,False
617,617,7.267767481353417,222.89239452057427,"[-298.5, -12.600006103515625]",True,False
618,618,7.279524474255368,222.90415151347622,"[-298.3999938964844, -13.20001220703125]",True,False
619,619,7.291282068076953,222.91590940775757,"[-297.1000061035156, -11.999999999999943]",True,False
620,620,7.303063698684468,222.9276907379052,"[-296.70001220703125, -13.100006103515568]",True,False
621,621,7.314804466755959,222.93944682942777,"[-299.6000061035156, -13.100006103515568]",True,False
622,622,7.326566567474856,222.9511936066956,"[-298.1000061035156, -12.899993896484318]",True,False
623,623,7.338327466354485,222.96295420511547,"[-298.20001220703125, -12.399993896484375]",True,False
624,624,7.350102186386039,222.97472922560678,"[-298.79998779296875, -13.899993896484375]",True,False
625,625,7.361866390323712,222.98649342954457,"[-300.20001220703125, -13.999999999999943]",True,False
626,626,7.373608360234471,222.99823539945533,"[-297.20001220703125, -13.20001220703125]",True,False
627,627,7.385370160493608,223.00999719971446,"[-298.5, -13.999999999999943]",True,False
628,628,7.397149687882347,223.0217767271031,"[-299.29998779296875, -13.20001220703125]",True,False
629,629,7.408922605154885,223.0335499448355,"[-297.1000061035156, -11.70001220703125]",True,False
630,630,7.420652857132495,223.04527989635335,"[-297.79998779296875, -11.29998779296875]",True,False
631,631,7.432413455552364,223.05704049477322,"[-298.70001220703125, -12.79998779296875]",True,False
632,632,7.444189377423186,223.06881641664404,"[-299.5, -12.899993896484318]",True,False
633,633,7.456091191960127,223.08071823118098,"[-298.6000061035156, -12.600006103515625]",True,False
634,634,7.467697654490394,223.09232469371125,"[-297.5, -13.399993896484375]",True,False
635,635,7.4794873975131395,223.10411503765363,"[-296.3999938964844, -14.399993896484375]",True,False
636,636,7.491255507428605,223.11588284710922,"[-297.20001220703125, -12.700012207031307]",True,False
637,637,7.503014603549218,223.12764194322983,"[-299.29998779296875, -13.600006103515682]",True,False
638,638,7.514775802888721,223.13940314256934,"[-296.8999938964844, -13.799987792968807]",True,False
639,639,7.526519575558382,223.151146915239,"[-296.8999938964844, -12.79998779296875]",True,False
640,640,7.538305412603449,223.16293395412333,"[-294.6000061035156, -11.70001220703125]",True,False
641,641,7.550091550108277,223.17472039208803,"[-297.5, -14.200012207031193]",True,False
642,642,7.5618221025457615,223.18645034360577,"[-294.1000061035156, -12.399993896484375]",True,False
643,643,7.57355626050105,223.1981842011013,"[-296.6000061035156, -13.399993896484375]",True,False
644,644,7.585311751103859,223.2099396917041,"[-296.0, -13.20001220703125]",True,False
645,645,7.597075354121898,223.22170239334275,"[-296.79998779296875, -14.600006103515625]",True,False
646,646,7.608818826331799,223.2334461660124,"[-296.5, -13.70001220703125]",True,False
647,647,7.620622390506355,223.24524973018708,"[-295.20001220703125, -14.100006103515625]",True,False
648,648,7.632369768693934,223.25699710837466,"[-296.5, -14.399993896484375]",True,False
649,649,7.644146892404137,223.26877423208475,"[-296.3999938964844, -13.5]",True,False
650,650,7.655964878650252,223.28059221833087,"[-296.0, -12.500000000000057]",True,False
651,651,7.667649761194525,223.2922783027144,"[-296.1000061035156, -12.100006103515625]",True,False
652,652,7.67939383432406,223.3040208735448,"[-295.79998779296875, -11.799987792968693]",True,False
653,653,7.691197098038856,223.3158241372596,"[-296.6000061035156, -12.500000000000057]",True,False
654,654,7.703028905436895,223.32765744695678,"[-295.0, -13.20001220703125]",True,False
655,655,7.714762162012676,223.3393904030728,"[-295.29998779296875, -12.100006103515625]",True,False
656,656,7.726507136521718,223.3511356780416,"[-296.8999938964844, -11.5]",True,False
657,657,7.7382713404593915,223.3628998819794,"[-296.0, -12.79998779296875]",True,False
658,658,7.750053571986541,223.3746806112074,"[-295.70001220703125, -12.79998779296875]",True,False
659,659,7.761789232240972,223.38642979215388,"[-294.3999938964844, -14.79998779296875]",True,False
660,660,7.773515578240904,223.39814261746176,"[-295.6000061035156, -13.399993896484375]",True,False
661,661,7.785277078040167,223.40990411726102,"[-294.8999938964844, -14.399993896484375]",True,False
662,662,7.797040380598446,223.4216674198193,"[-296.0, -13.799987792968807]",True,False
663,663,7.808765224299236,223.4333922635201,"[-294.79998779296875, -13.100006103515568]",True,False
664,664,7.820529127777149,223.4451561669979,"[-295.29998779296875, -12.500000000000057]",True,False
665,665,7.832284618379958,223.4569116576008,"[-294.8999938964844, -12.29998779296875]",True,False
666,666,7.844016673116471,223.46864371233733,"[-292.70001220703125, -13.999999999999943]",True,False
667,667,7.855817232692857,223.48044457237347,"[-294.3999938964844, -13.799987792968807]",True,False
668,668,7.867551991567893,223.49217903078863,"[-295.6000061035156, -14.200012207031193]",True,False
669,669,7.879317697804709,223.50394503748532,"[-294.6000061035156, -13.600006103515682]",True,False
670,670,7.891092417836262,223.515719457057,"[-294.20001220703125, -13.20001220703125]",True,False
671,671,7.902847908439071,223.52747524811969,"[-294.1000061035156, -12.100006103515625]",True,False
672,672,7.914593784327508,223.53922082354836,"[-295.1000061035156, -12.399993896484375]",True,False
673,673,7.926359190104563,223.55098652978518,"[-295.5, -11.29998779296875]",True,False
674,674,7.9381285018591825,223.56275554108004,"[-296.3999938964844, -11.0]",True,False
675,675,7.949987050181562,223.57461378894254,"[-294.20001220703125, -11.999999999999943]",True,False
676,676,7.961637379846138,223.58626441906688,"[-294.70001220703125, -11.70001220703125]",True,False
677,677,7.973428024248278,223.5980553639289,"[-293.8999938964844, -12.100006103515625]",True,False
678,678,7.985230086123806,223.60985742580442,"[-296.1000061035156, -13.399993896484375]",True,False
679,679,7.996978065231019,223.62160510445187,"[-294.6000061035156, -11.999999999999943]",True,False
680,680,8.008721236981046,223.63334887712153,"[-294.20001220703125, -10.700012207031307]",True,False
681,681,8.020476727583855,223.6451037668047,"[-293.6000061035156, -9.70001220703125]",True,False
682,682,8.032298319347888,223.65692625994814,"[-293.79998779296875, -11.5]",True,False
683,683,8.044046899374734,223.66867514043486,"[-293.79998779296875, -9.70001220703125]",True,False
684,684,8.055768738477354,223.68039727999724,"[-293.6000061035156, -9.999999999999943]",True,False
685,685,8.067502896432643,223.69213143795264,"[-293.29998779296875, -10.100006103515625]",True,False
686,686,8.079314873482303,223.70394311454243,"[-293.1000061035156, -9.70001220703125]",True,False
687,687,8.091037914424192,223.7156664559442,"[-291.8999938964844, -10.399993896484375]",True,False
688,688,8.102792203187732,223.72742044424785,"[-292.6000061035156, -10.500000000000057]",True,False
689,689,8.114569927817456,223.73919846933745,"[-291.0, -9.0]",True,False
690,690,8.12628425542448,223.7509115951051,"[-293.20001220703125, -10.500000000000057]",True,False
691,691,8.138065886031995,223.76269292525274,"[-291.20001220703125, -9.399993896484432]",True,False
692,692,8.149819573875789,223.7744619365477,"[-291.0, -10.600006103515625]",True,False
693,693,8.161569055282143,223.786196094503,"[-291.0, -9.5]",True,False
694,694,8.173352488648561,223.79797952786942,"[-291.20001220703125, -9.899993896484375]",True,False
695,695,8.185127509139988,223.8097548488206,"[-288.8999938964844, -10.899993896484318]",True,False
696,696,8.196878492845485,223.8215058325261,"[-290.20001220703125, -10.399993896484375]",True,False
697,697,8.208637889425972,223.8332649286467,"[-290.29998779296875, -10.100006103515625]",True,False
698,698,8.220369944162485,223.8449972838432,"[-291.29998779296875, -11.399993896484432]",True,False
699,699,8.232196643743578,223.8568248848037,"[-290.20001220703125, -10.899993896484318]",True,False
700,700,8.244022742404923,223.86865188484455,"[-288.3999938964844, -10.20001220703125]",True,True
701,701,8.255682085864237,223.88030942554485,"[-291.29998779296875, -9.799987792968693]",True,True
702,702,8.267461613252863,223.89208865247372,"[-289.1000061035156, -9.399993896484432]",True,True
703,703,8.279257966391697,223.9038865079117,"[-290.20001220703125, -11.999999999999943]",True,True
704,704,8.29104350297689,223.91567114311738,"[-291.0, -10.899993896484318]",True,True
705,705,8.302767144838413,223.9273947849789,"[-289.6000061035156, -10.20001220703125]",True,True
706,706,8.314497096356263,223.93912473649675,"[-291.0, -10.299987792968807]",True,False
707,707,8.326282632941457,223.95091027308194,"[-291.3999938964844, -9.899993896484375]",True,False
708,708,8.337993955950196,223.9626212956308,"[-289.8999938964844, -11.600006103515682]",True,False
709,709,8.349749747012766,223.9743918092248,"[-289.3999938964844, -9.0]",True,False
710,710,8.361522664285417,223.9861503044259,"[-291.20001220703125, -10.100006103515625]",True,False
711,711,8.37327334753104,223.99790068721165,"[-288.5, -9.600006103515682]",True,False
712,712,8.385111765045167,224.00973940518566,"[-287.5, -9.100006103515625]",True,False
713,713,8.396860044612254,224.02148768475274,"[-288.6000061035156, -9.399993896484432]",True,False
714,714,8.408585489232678,224.03321403075267,"[-291.6000061035156, -13.0]",True,False
715,715,8.420365918000925,224.04499325768154,"[-289.70001220703125, -12.79998779296875]",True,False
716,716,8.432163472979028,224.05679111311952,"[-288.8999938964844, -10.79998779296875]",True,False
717,717,8.443925874157799,224.0685700395885,"[-290.20001220703125, -10.500000000000057]",True,False
718,718,8.455648614639813,224.08027745661957,"[-289.79998779296875, -8.399993896484375]",True,False
719,719,8.467392086849713,224.0920188256107,"[-289.1000061035156, -9.399993896484432]",True,False
720,720,8.479145474233746,224.1037725134546,"[-288.79998779296875, -7.600006103515568]",True,False
721,721,8.4909042698946,224.11553130911545,"[-286.20001220703125, -8.299987792968807]",True,False
722,722,8.503414816034478,224.1280421557151,"[-289.1000061035156, -8.299987792968807]",True,False
723,723,8.51441104466278,224.1390383843434,"[-286.1000061035156, -6.79998779296875]",True,False
724,724,8.526186065154093,224.15082632460712,"[-287.70001220703125, -7.70001220703125]",True,False
725,725,8.537949067252498,224.16257610647335,"[-287.8999938964844, -8.299987792968807]",True,False
726,726,8.549679920149742,224.17430725983036,"[-287.79998779296875, -6.600006103515625]",True,False
727,727,8.561455541560804,224.18608288124142,"[-286.79998779296875, -5.600006103515568]",True,False
728,728,8.573198112391196,224.19782515161194,"[-287.29998779296875, -7.100006103515625]",True,False
729,729,8.584968025065564,224.2095950642863,"[-287.1000061035156, -6.79998779296875]",True,False
730,730,8.596746050155161,224.22137338983578,"[-287.29998779296875, -7.5]",True,False
731,731,8.608494930641882,224.2331222703225,"[-288.29998779296875, -8.500000000000057]",True,False
732,732,8.620234797333865,224.2448618365546,"[-287.1000061035156, -8.0]",True,False
733,733,8.632102359450869,224.256730600511,"[-286.79998779296875, -8.100006103515625]",True,False
734,734,8.643831109129337,224.26845965064933,"[-286.0, -6.79998779296875]",True,False
735,735,8.655580290075932,224.2802091320557,"[-287.70001220703125, -8.399993896484375]",True,False
736,736,8.667339987116293,224.29196852863618,"[-286.70001220703125, -9.600006103515682]",True,False
737,737,8.679106895192376,224.3037351362525,"[-287.0, -8.600006103515625]",True,False
738,738,8.690867493612245,224.31549483329286,"[-286.3999938964844, -9.20001220703125]",True,False
739,739,8.702601651567534,224.3272286907884,"[-289.0, -9.600006103515682]",True,False
740,740,8.714364954125813,224.3389916928868,"[-286.3999938964844, -8.299987792968807]",True,False
741,741,8.726088896447095,224.35071593566795,"[-288.70001220703125, -8.399993896484375]",True,False
742,742,8.73787593533143,224.36250297455217,"[-288.70001220703125, -7.29998779296875]",True,False
743,743,8.749598675813445,224.37422601549406,"[-287.6000061035156, -9.5]",True,False
744,744,8.761355969175156,224.385983008396,"[-285.29998779296875, -7.799987792968693]",True,False
745,745,8.773132491965725,224.39775983164634,"[-287.6000061035156, -9.100006103515625]",True,False
746,746,8.784906310617771,224.4095333498385,"[-286.1000061035156, -6.700012207031193]",True,False
747,747,8.796639867653425,224.4212684091733,"[-289.5, -7.899993896484375]",True,False
748,748,8.808417291823389,224.43304433104424,"[-287.70001220703125, -7.29998779296875]",True,False
749,749,8.820173683805706,224.44480102348632,"[-285.3999938964844, -7.100006103515625]",True,False
750,750,8.83203042936907,224.4566706888221,"[-288.70001220703125, -6.700012207031193]",True,False
751,751,8.843742353297444,224.4683693925183,"[-289.20001220703125, -6.299987792968807]",True,False
752,752,8.855492135163672,224.4801194748443,"[-287.20001220703125, -6.600006103515625]",True,False
753,753,8.867253034043301,224.49188007326404,"[-288.79998779296875, -7.600006103515568]",True,False
754,754,8.879007923726476,224.50363466248746,"[-290.6000061035156, -9.20001220703125]",True,False
755,755,8.89075349915504,224.51539435952782,"[-288.79998779296875, -7.200012207031307]",True,False
756,756,8.902481046994353,224.5271080862151,"[-290.5, -10.399993896484375]",True,False
757,757,8.91424344817301,224.53887048739387,"[-288.3999938964844, -8.79998779296875]",True,False
758,758,8.926006149811656,224.5506331890325,"[-288.0, -9.100006103515625]",True,False
759,759,8.937780268923575,224.56240730814432,"[-290.29998779296875, -7.899993896484375]",True,False
760,760,8.949522839753968,224.57415017943458,"[-288.8999938964844, -9.20001220703125]",True,False
761,761,8.961317089674026,224.58594412889488,"[-288.0, -8.79998779296875]",True,False
762,762,8.973091509245705,224.59771884892632,"[-291.1000061035156, -10.500000000000057]",True,False
763,763,8.98481424972772,224.60944158940845,"[-291.1000061035156, -11.399993896484432]",True,False
764,764,8.996594378036093,224.62122141725695,"[-289.70001220703125, -10.399993896484375]",True,False
765,765,9.008336948866486,224.63296398808734,"[-291.1000061035156, -12.100006103515625]",True,False
766,766,9.02012518959009,224.6447525292707,"[-290.70001220703125, -11.29998779296875]",True,False
767,767,9.032044731256747,224.656672671857,"[-291.1000061035156, -10.20001220703125]",True,False
768,768,9.04362926021986,224.66825810219962,"[-291.70001220703125, -10.100006103515625]",True,False
769,769,9.05538895726022,224.68001719832023,"[-292.70001220703125, -11.29998779296875]",True,False
770,770,9.067172390626638,224.69182046203503,"[-293.5, -11.799987792968693]",True,False
771,771,9.078935392725043,224.70356393424493,"[-294.8999938964844, -11.100006103515568]",True,False
772,772,9.090721229769997,224.71535037220963,"[-293.70001220703125, -9.600006103515682]",True,False
773,773,9.102446974850295,224.72707521591042,"[-294.20001220703125, -9.399993896484432]",True,False
774,774,9.114189846140562,224.73881868812032,"[-293.79998779296875, -11.600006103515682]",True,False
775,775,9.126012038824229,224.75064027988435,"[-294.8999938964844, -11.29998779296875]",True,False
776,776,9.137747699078659,224.7623756396789,"[-294.5, -9.999999999999943]",True,False
777,777,9.14947254277945,224.7741013847592,"[-296.6000061035156, -13.100006103515568]",True,False
778,778,9.161265290400365,224.7858935314605,"[-293.5, -11.20001220703125]",True,False
779,779,9.173023184681824,224.7976517262017,"[-295.70001220703125, -11.5]",True,False
780,780,9.184777172985491,224.8094054140456,"[-293.8999938964844, -11.899993896484375]",True,False
781,781,9.196520945655266,224.82114828533588,"[-294.3999938964844, -11.600006103515682]",True,False
782,782,9.208307083160093,224.8329344228407,"[-294.5, -11.20001220703125]",True,False
783,783,9.22004214249489,224.84466918171563,"[-294.20001220703125, -9.799987792968693]",True,False
784,784,9.231792825740513,224.85642016542113,"[-293.79998779296875, -10.700012207031307]",True,False
785,785,9.243599694973113,224.86822673419397,"[-293.8999938964844, -11.70001220703125]",True,False
786,786,9.255348275000074,224.87997501376105,"[-293.29998779296875, -11.29998779296875]",True,False
787,787,9.267074020080258,224.8917010593011,"[-296.1000061035156, -13.600006103515682]",True,False
788,788,9.278832214821591,224.90345925404233,"[-294.0, -10.899993896484318]",True,False
789,789,9.290580794848438,224.91520813452905,"[-293.8999938964844, -10.79998779296875]",True,False
790,790,9.302342595107575,224.92696963432832,"[-294.0, -11.70001220703125]",True,False
791,791,9.31413384042935,224.9387608796502,"[-294.8999938964844, -9.70001220703125]",True,False
792,792,9.325952728054972,224.95057976727583,"[-294.0, -10.500000000000057]",True,False
793,793,9.337621986688418,224.96224902590927,"[-292.70001220703125, -10.79998779296875]",True,False
794,794,9.349383786947556,224.9740108261683,"[-294.5, -11.399993896484432]",True,False
795,795,9.361189454340888,224.98581649356174,"[-295.3999938964844, -11.0]",True,False
796,796,9.372996323573602,224.99762306233458,"[-293.0, -10.500000000000057]",True,False
797,797,9.384738894403995,225.0093662340846,"[-294.79998779296875, -11.0]",True,False
798,798,9.396506703859586,225.02113374308033,"[-294.20001220703125, -10.600006103515625]",True,False
799,799,9.40829224044478,225.0329195801254,"[-293.70001220703125, -9.899993896484375]",True,False
800,800,9.420023093342024,225.04465043302264,"[-295.3999938964844, -11.70001220703125]",True,False
801,801,9.431775579346663,225.05640291902728,"[-294.70001220703125, -11.600006103515682]",True,False
802,802,9.44351604695828,225.0681433866389,"[-295.0, -11.0]",True,False
803,803,9.45527995043608,225.0799072901168,"[-295.8999938964844, -11.29998779296875]",True,False
804,804,9.467051365409588,225.09167840463044,"[-293.70001220703125, -12.899993896484318]",True,False
805,805,9.47880295003472,225.10344501224665,"[-293.79998779296875, -12.500000000000057]",True,False
806,806,9.49055753925802,225.11518457847887,"[-294.6000061035156, -11.799987792968693]",True,False
807,807,9.502313330320703,225.12694036954156,"[-294.5, -11.600006103515682]",True,False
808,808,9.514092256789809,225.13871929601055,"[-295.20001220703125, -12.500000000000057]",True,False
809,809,9.525866676361488,225.15049371558234,"[-295.6000061035156, -11.999999999999943]",True,False
810,810,9.537600233397143,225.162227272618,"[-296.3999938964844, -13.29998779296875]",True,False
811,811,9.549361432736646,225.1739884719575,"[-296.70001220703125, -14.200012207031193]",True,False
812,812,9.561135852308325,225.18576319198894,"[-294.8999938964844, -12.29998779296875]",True,False
813,813,9.572875118080674,225.19750215730153,"[-295.6000061035156, -13.5]",True,False
814,814,9.584594853964518,225.20922189318526,"[-294.5, -11.899993896484375]",True,False
815,815,9.596364466179011,225.22099180585963,"[-295.1000061035156, -13.0]",True,False
816,816,9.608131374255095,225.23275841347595,"[-296.6000061035156, -13.70001220703125]",True,False
817,817,9.620013057983897,225.24464009720475,"[-295.29998779296875, -11.600006103515682]",True,False
818,818,9.631706653863034,225.25633399354365,"[-296.0, -13.29998779296875]",True,False
819,819,9.643447722394285,225.26807476161514,"[-295.3999938964844, -13.70001220703125]",True,False
820,820,9.65522394472498,225.27985098394583,"[-295.70001220703125, -14.29998779296875]",True,False
821,821,9.666966515555373,225.29159355477623,"[-294.8999938964844, -13.100006103515568]",True,False
822,822,9.678755958118245,225.3033829973391,"[-295.3999938964844, -14.79998779296875]",True,False
823,823,9.690482604578051,225.3151096437988,"[-294.0, -13.0]",True,False
824,824,9.702258225988999,225.32688496474998,"[-295.70001220703125, -13.20001220703125]",True,False
825,825,9.713966844859328,225.33859388408018,"[-295.0, -11.799987792968693]",True,False
826,826,9.725732851556018,225.35035989077676,"[-295.20001220703125, -12.899993896484318]",True,False
827,827,9.737479328364088,225.36210636758494,"[-298.20001220703125, -13.20001220703125]",True,False
828,828,9.749243231842001,225.37387027106286,"[-294.6000061035156, -9.799987792968693]",True,False
829,829,9.761002928882363,225.3856299681031,"[-294.8999938964844, -11.20001220703125]",True,False
830,830,9.772775245235266,225.39740228445612,"[-293.6000061035156, -11.399993896484432]",True,False
831,831,9.784521121123703,225.40914816034456,"[-295.5, -9.999999999999943]",True,False
832,832,9.796309962767054,225.4209370019878,"[-293.5, -10.600006103515625]",True,False
833,833,9.808101809008463,225.4327420684615,"[-294.0, -9.399993896484432]",True,False
834,834,9.819904772263499,225.44453151102448,"[-295.79998779296875, -10.79998779296875]",True,False
835,835,9.831565317561967,225.45619235678282,"[-295.1000061035156, -11.5]",True,False
836,836,9.843327117821104,225.46795415704185,"[-294.5, -10.299987792968807]",True,False
837,837,9.855105743830336,225.4797327830512,"[-295.20001220703125, -10.899993896484318]",True,False
838,838,9.866879262022621,225.4915060007836,"[-296.6000061035156, -11.600006103515682]",True,False
839,839,9.878606208942188,225.50323414954244,"[-295.5, -9.29998779296875]",True,False
840,840,9.890364704143167,225.51499174336402,"[-294.6000061035156, -10.600006103515625]",True,False
841,841,9.902176981652701,225.52680402087356,"[-295.8999938964844, -11.600006103515682]",True,False
842,842,9.913939683291346,225.53856642205233,"[-292.1000061035156, -11.5]",True,False
843,843,9.925653710438382,225.55028074965924,"[-294.5, -9.799987792968693]",True,False
844,844,9.9374101024207,225.56203714164155,"[-294.8999938964844, -10.20001220703125]",True,True
845,845,9.949174606818247,225.5738016460391,"[-295.1000061035156, -9.100006103515625]",True,True
846,846,9.960970058577573,225.58559679733867,"[-298.1000061035156, -9.20001220703125]",True,True
847,847,9.972706620211511,225.59733365943237,"[-296.6000061035156, -9.399993896484432]",True,True
848,848,9.984450392881286,225.60907743210203,"[-295.20001220703125, -10.79998779296875]",True,False
849,849,9.996236530386113,225.62086356960685,"[-295.79998779296875, -10.500000000000057]",True,False
850,850,10.0079688855825,225.63259592480324,"[-295.0, -9.20001220703125]",True,False
851,851,10.019759830444514,225.64438717012513,"[-295.5, -10.700012207031307]",True,False
852,852,10.031520729324143,225.65614806900476,"[-296.1000061035156, -11.100006103515568]",True,False
853,853,10.043265703833072,225.66789274305393,"[-294.79998779296875, -11.5]",True,False
854,854,10.05502900639135,225.6796560456122,"[-297.29998779296875, -10.600006103515625]",True,False
855,855,10.06680613010144,225.69143377024193,"[-294.5, -10.899993896484318]",True,False
856,856,10.078555010588161,225.70318385256792,"[-295.0, -8.600006103515625]",True,False
857,857,10.09031560900803,225.71494354960828,"[-295.1000061035156, -9.0]",True,False
858,858,10.102106854329804,225.7267344944703,"[-293.70001220703125, -9.600006103515682]",True,False
859,859,10.113926643334935,225.73855398301555,"[-293.5, -8.600006103515625]",True,False
860,860,10.125646078758905,225.75027311797976,"[-295.5, -11.20001220703125]",True,False
861,861,10.137392555566976,225.76201959478783,"[-294.20001220703125, -8.79998779296875]",True,False
862,862,10.14915255306721,225.77377959228795,"[-294.20001220703125, -10.500000000000057]",True,False
863,863,10.160939291491673,225.7855666311723,"[-293.79998779296875, -8.600006103515625]",True,False
864,864,10.172931844895402,225.79755888411626,"[-296.0, -9.899993896484375]",True,False
865,865,10.184434348326704,225.80906138754744,"[-295.79998779296875, -7.600006103515568]",True,False
866,866,10.196211772496554,225.8208388117174,"[-295.70001220703125, -8.600006103515625]",True,False
867,867,10.207990098046025,225.83261713726688,"[-292.79998779296875, -8.700012207031193]",True,False
868,868,10.219744687269326,225.84437172649018,"[-294.0, -9.0]",True,False
869,869,10.231457813037082,225.85608545317746,"[-296.0, -8.899993896484318]",True,False
870,870,10.243216608697935,225.8678436479188,"[-295.6000061035156, -10.100006103515625]",True,False
871,871,10.255006652180441,225.8796336914013,"[-295.5, -9.600006103515682]",True,False
872,872,10.26672037886783,225.89134741808857,"[-292.29998779296875, -8.0]",True,False
873,873,10.278519736604835,225.9031467758257,"[-293.29998779296875, -9.0]",True,False
874,874,10.290324502618773,225.9149527436789,"[-292.6000061035156, -9.799987792968693]",True,False
875,875,10.302252156700547,225.92689662259113,"[-293.70001220703125, -8.299987792968807]",True,False
876,876,10.313848403596808,225.93847664465693,"[-291.6000061035156, -9.399993896484432]",True,False
877,877,10.325579256494166,225.95020869939356,"[-292.20001220703125, -11.600006103515682]",True,False
878,878,10.337333244797833,225.96196118539808,"[-291.1000061035156, -11.999999999999943]",True,False
879,879,10.349062595395935,225.97369113691593,"[-290.1000061035156, -10.399993896484375]",True,False
880,880,10.360831606690908,225.98545984775092,"[-292.0, -10.79998779296875]",True,False
881,881,10.372566666025705,225.99719580846522,"[-290.8999938964844, -12.79998779296875]",True,False
882,882,10.384362718704665,226.0089909597648,"[-290.0, -9.600006103515682]",True,False
883,883,10.396122415745026,226.02075065680515,"[-291.8999938964844, -9.399993896484432]",True,False
884,884,10.407906149571318,226.03253348925193,"[-292.20001220703125, -10.100006103515625]",True,False
885,885,10.419592834874493,226.04421987409523,"[-294.1000061035156, -11.70001220703125]",True,False
886,886,10.431351330075472,226.0559786697562,"[-294.5, -11.600006103515682]",True,False
887,887,10.443112529414975,226.06773956863583,"[-298.1000061035156, -11.20001220703125]",True,False
888,888,10.454918196808421,226.07954523602916,"[-301.3999938964844, -16.70001220703125]",True,False
889,889,10.466669480973678,226.09129652019442,"[-299.79998779296875, -13.29998779296875]",True,False
890,890,10.478417159621017,226.103043898382,"[-299.20001220703125, -13.29998779296875]",True,False
891,891,10.490155223554098,226.11478226277495,"[-298.0, -13.899993896484375]",True,False
892,892,10.502081675796603,226.12670901547722,"[-299.6000061035156, -15.600006103515625]",True,False
893,893,10.513704964076965,226.13833230375758,"[-300.5, -15.20001220703125]",True,False
894,894,10.525437920193099,226.15006495941384,"[-300.29998779296875, -15.70001220703125]",True,False
895,895,10.537200020911996,226.1618273605926,"[-301.20001220703125, -15.100006103515568]",True,False
896,896,10.548961220251499,226.1735885599321,"[-300.8999938964844, -16.70001220703125]",True,False
897,897,10.560741949479507,226.18536898870025,"[-302.0, -16.899993896484432]",True,False
898,898,10.572504651118038,226.1971316903389,"[-300.3999938964844, -14.79998779296875]",True,False
899,899,10.5842391095332,226.20886614875405,"[-302.5, -16.100006103515625]",True,False
900,900,10.596007219448666,226.2206342586694,"[-302.29998779296875, -15.100006103515568]",True,False
901,901,10.607832416730503,226.232460056871,"[-300.20001220703125, -15.299987792968693]",True,False
902,902,10.61952300801147,226.24415034769208,"[-302.20001220703125, -15.0]",True,False
903,903,10.631285108730367,226.25591244841098,"[-301.1000061035156, -15.100006103515568]",True,False
904,904,10.643072147614703,226.26769948729532,"[-302.29998779296875, -14.29998779296875]",True,False
905,905,10.654865195695493,226.2794925353761,"[-303.29998779296875, -14.700012207031307]",True,False
906,906,10.666592142615059,226.29121948229567,"[-303.3999938964844, -16.600006103515625]",True,False
907,907,10.678342825860682,226.3029701655413,"[-302.6000061035156, -15.299987792968693]",True,False
908,908,10.690109433477005,226.31475690396576,"[-303.70001220703125, -16.200012207031193]",True,False
909,909,10.702071039518842,226.32669928057896,"[-299.70001220703125, -17.899993896484375]",True,False
910,910,10.713639644111367,226.33826818563125,"[-300.70001220703125, -15.20001220703125]",True,False
911,911,10.72538521953993,226.35001376105993,"[-301.70001220703125, -15.600006103515625]",True,False
912,912,10.737229646250626,226.36185788731075,"[-302.29998779296875, -16.100006103515625]",True,False
913,913,10.748954489951416,226.37358243055166,"[-302.1000061035156, -17.20001220703125]",True,False
914,914,10.760719595268597,226.38534783632872,"[-301.20001220703125, -17.20001220703125]",True,False
915,915,10.772466973456176,226.39709491405642,"[-302.20001220703125, -16.399993896484318]",True,False
916,916,10.784286161541559,226.4089153039812,"[-302.5, -16.5]",True,False
917,917,10.796028431912191,226.4206566729723,"[-304.5, -16.79998779296875]",True,False
918,918,10.807774007340868,226.43241757185194,"[-301.8999938964844, -15.20001220703125]",True,False
919,919,10.81951958276943,226.44414812428943,"[-303.6000061035156, -15.5]",True,False
920,920,10.831272669693703,226.4559012112136,"[-306.20001220703125, -17.399993896484375]",True,False
921,921,10.84306541731462,226.46769425929438,"[-304.3999938964844, -15.20001220703125]",True,False
922,922,10.854814898720974,226.47944193794183,"[-304.1000061035156, -15.20001220703125]",True,False
923,923,10.866568286105007,226.49119652716513,"[-302.1000061035156, -16.200012207031193]",True,False
924,924,10.878330086364144,226.502957125585,"[-303.0, -16.200012207031193]",True,False
925,925,10.890077464551723,226.51470450377258,"[-306.20001220703125, -17.499999999999943]",True,False
926,926,10.901841368029636,226.52646990954952,"[-306.8999938964844, -16.399993896484318]",True,False
927,927,10.913633815190792,226.538277079242,"[-304.1000061035156, -14.100006103515625]",True,False
928,928,10.92535715659244,226.54998539765256,"[-303.79998779296875, -17.70001220703125]",True,False
929,929,10.937119557771211,226.56174749837146,"[-303.20001220703125, -16.399993896484318]",True,False
930,930,10.948926727463686,226.5735549685238,"[-304.3999938964844, -14.600006103515625]",True,False
931,931,10.960671401512855,226.58529964257298,"[-305.79998779296875, -14.899993896484432]",True,False
932,932,10.972410667285203,226.59703800696582,"[-304.70001220703125, -14.600006103515625]",True,False
933,933,10.984161350530826,226.60878838975168,"[-301.1000061035156, -13.70001220703125]",True,False
934,934,10.995932765504335,226.62055980472508,"[-302.20001220703125, -14.899993896484432]",True,False
935,935,11.007650999089037,226.63227803830978,"[-303.70001220703125, -15.100006103515568]",True,False
936,936,11.019381851986282,226.64400889120702,"[-307.3999938964844, -14.100006103515625]",True,False
937,937,11.03114275086591,226.65576979008677,"[-306.29998779296875, -14.200012207031193]",True,False
938,938,11.042939404464619,226.66756644368536,"[-303.6000061035156, -15.20001220703125]",True,False
939,939,11.054693092308412,226.6793339526812,"[-305.5, -14.29998779296875]",True,False
940,940,11.066427250263814,226.69105428948455,"[-303.70001220703125, -15.299987792968693]",True,False
941,941,11.078184243165765,226.70281158284638,"[-305.5, -14.100006103515625]",True,False
942,942,11.089937330089924,226.71456436931078,"[-304.1000061035156, -13.600006103515682]",True,False
943,943,11.10174600208154,226.72637334176216,"[-305.3999938964844, -13.799987792968807]",True,False
944,944,11.113468442103795,226.73809518086478,"[-304.70001220703125, -14.200012207031193]",True,False
945,945,11.125224834086112,226.74985217376673,"[-306.20001220703125, -12.899993896484318]",True,False
946,946,11.136986634345135,226.761613673566,"[-305.6000061035156, -13.70001220703125]",True,False
947,947,11.148766462193748,226.7733935014145,"[-304.79998779296875, -13.20001220703125]",True,False
948,948,11.160541182225302,226.78516852190592,"[-308.5, -15.20001220703125]",True,False
949,949,11.172278344778874,226.79690538399961,"[-305.5, -13.29998779296875]",True,False
950,950,11.184037440899488,226.80866448012034,"[-305.0, -13.600006103515682]",True,False
951,951,11.195865642779722,226.82049268200046,"[-306.3999938964844, -14.5]",True,False
952,952,11.207567050614216,226.8321955921342,"[-306.3999938964844, -14.200012207031193]",True,False
953,953,11.219330052712621,226.84395889469238,"[-306.29998779296875, -15.100006103515568]",True,False
954,954,11.231085843775304,226.85571408483543,"[-304.79998779296875, -13.600006103515682]",True,False
955,955,11.242889708409734,226.86751824992962,"[-303.5, -13.70001220703125]",True,False
956,956,11.254668334418966,226.87931159847028,"[-302.29998779296875, -16.600006103515625]",True,False
957,957,11.266353517423,226.89098055664385,"[-304.3999938964844, -17.0]",True,False
958,958,11.278133645731373,226.90276068495223,"[-302.79998779296875, -14.899993896484432]",True,False
959,959,11.289924290133627,226.91455132935437,"[-302.70001220703125, -16.29998779296875]",True,False
960,960,11.30163651452176,226.92626415466225,"[-302.6000061035156, -16.600006103515625]",True,False
961,961,11.313398314780898,226.93802535400175,"[-304.20001220703125, -16.79998779296875]",True,False
962,962,11.325156509522117,226.94978354874297,"[-302.70001220703125, -17.399993896484375]",True,False
963,963,11.33693363323232,226.96156097291293,"[-301.5, -17.70001220703125]",True,False
964,964,11.3486921284333,226.9733194681139,"[-300.1000061035156, -18.200012207031307]",True,False
965,965,11.360442811678922,226.98506985089978,"[-299.8999938964844, -17.899993896484375]",True,False
966,966,11.3722313528624,226.99685839208325,"[-299.6000061035156, -20.29998779296875]",True,False
967,967,11.384008777032363,227.0086358162531,"[-299.29998779296875, -18.100006103515625]",True,False
968,968,11.395784698903185,227.02041173812404,"[-301.1000061035156, -19.399993896484375]",True,False
969,969,11.40752877203272,227.03215581125346,"[-300.79998779296875, -19.20001220703125]",True,False
970,970,11.419292074590885,227.04391911381174,"[-300.8999938964844, -19.20001220703125]",True,False
971,971,11.431086324511057,227.0557133637318,"[-299.0, -19.79998779296875]",True,False
972,972,11.442792239242863,227.06741927846372,"[-300.3999938964844, -18.70001220703125]",True,False
973,973,11.454592798819249,227.07922013849998,"[-299.29998779296875, -19.399993896484375]",True,False
974,974,11.46633326643098,227.09096030565172,"[-298.0, -19.399993896484375]",True,False
975,975,11.478080945078318,227.10270798429917,"[-298.8999938964844, -19.0]",True,False
976,976,11.489904339601253,227.11453167928198,"[-300.5, -16.899993896484432]",True,False
977,977,11.501640901235191,227.1262682409158,"[-300.1000061035156, -19.299987792968693]",True,False
978,978,11.513372655511944,227.1379996947328,"[-299.3999938964844, -18.000000000000057]",True,False
979,979,11.525136258529983,227.14976329775084,"[-298.5, -18.29998779296875]",True,False
980,980,11.53691939143664,227.1615464306575,"[-300.8999938964844, -18.600006103515568]",True,False
981,981,11.548654751231311,227.1732814899923,"[-298.20001220703125, -20.899993896484375]",True,False
982,982,11.560417152410082,227.18504419163082,"[-299.1000061035156, -19.700012207031193]",True,False
983,983,11.572193975660298,227.19682101488115,"[-298.3999938964844, -21.899993896484375]",True,False
984,984,11.583954574080167,227.2085816133009,"[-298.70001220703125, -20.000000000000057]",True,False
985,985,11.595701351348112,227.2203280901091,"[-298.29998779296875, -17.20001220703125]",True,False
986,986,11.60745714241068,227.23208418163154,"[-300.79998779296875, -19.700012207031193]",True,False
987,987,11.619218942669818,227.24384598189067,"[-300.5, -20.200012207031307]",True,False
988,988,11.630984348446873,227.2556113876676,"[-299.0, -20.000000000000057]",True,False
989,989,11.642752157902464,227.2673791971232,"[-300.1000061035156, -19.899993896484375]",True,False
990,990,11.65453949724656,227.27916773830668,"[-297.70001220703125, -19.899993896484375]",True,False
991,991,11.666257430371388,227.290884770052,"[-302.6000061035156, -20.100006103515625]",True,False
992,992,11.678040262818172,227.30266730203903,"[-302.6000061035156, -19.399993896484375]",True,False
993,993,11.6897900446844,227.31441738436502,"[-303.70001220703125, -20.899993896484375]",True,False
994,994,11.70154313160856,227.3261701708294,"[-300.20001220703125, -20.29998779296875]",True,False
995,995,11.713305833247205,227.33793317292782,"[-301.0, -19.899993896484375]",True,False
996,996,11.725063126608916,227.34969016582977,"[-302.1000061035156, -18.70001220703125]",True,False
997,997,11.736868794002362,227.3614958332231,"[-300.6000061035156, -19.100006103515682]",True,False
998,998,11.74862819058285,227.37325553026346,"[-299.29998779296875, -19.899993896484375]",True,False
999,999,11.76036625451593,227.38500831672786,"[-299.8999938964844, -20.29998779296875]",True,False
1000,1000,11.77212084373923,227.39674788296009,"[-299.70001220703125, -20.29998779296875]",True,False
1001,1001,11.783974885164184,227.40860192438504,"[-300.1000061035156, -20.79998779296875]",True,False
1002,1002,11.79564804977531,227.42027538945604,"[-300.70001220703125, -20.70001220703125]",True,False
1003,1003,11.8073888178468,227.43201585706765,"[-302.0, -19.499999999999943]",True,False
1004,1004,11.819145209829117,227.44377224904986,"[-299.20001220703125, -19.600006103515625]",True,False
1005,1005,11.830956585959143,227.45559834771132,"[-300.5, -19.600006103515625]",True,False
1006,1006,11.842681730119807,227.46730876934055,"[-301.20001220703125, -21.0]",True,False
1007,1007,11.854444732218212,227.47907177143895,"[-299.70001220703125, -19.899993896484375]",True,False
1008,1008,11.866197518682611,227.4908242574436,"[-300.5, -19.100006103515682]",True,False
1009,1009,11.877944596410316,227.5025713351713,"[-301.20001220703125, -20.200012207031307]",True,False
1010,1010,11.889710002187371,227.51435236485918,"[-302.1000061035156, -19.20001220703125]",True,False
1011,1011,11.901469999687492,227.52609673844847,"[-303.0, -18.70001220703125]",True,False
1012,1012,11.913233302245771,227.5378603414665,"[-305.29998779296875, -17.499999999999943]",True,False
1013,1013,11.924995102504909,227.54962214172565,"[-303.20001220703125, -17.0]",True,False
1014,1014,11.936761109201484,227.56138814842234,"[-303.0, -18.29998779296875]",True,False
1015,1015,11.948510891067713,227.57313793028845,"[-303.70001220703125, -15.600006103515625]",True,False
1016,1016,11.960288615697436,227.5849156549183,"[-302.70001220703125, -18.100006103515625]",True,True
1017,1017,11.972400451651197,227.59702749087205,"[-302.20001220703125, -17.399993896484375]",True,True
1018,1018,11.983781268853818,227.60840830807467,"[-302.6000061035156, -17.0]",True,True
1019,1019,11.995579424751668,227.62021938374482,"[-304.20001220703125, -15.299987792968693]",True,True
1020,1020,12.007315685925732,227.63194272514647,"[-302.8999938964844, -16.100006103515625]",True,True
1021,1021,12.019079889863406,227.64370692908426,"[-305.5, -16.70001220703125]",True,True
1022,1022,12.030869933346025,227.655496672107,"[-306.0, -15.899993896484375]",True,True
1023,1023,12.04261971521214,227.667246754433,"[-305.70001220703125, -16.100006103515625]",True,False
1024,1024,12.054358680524615,227.67898571974547,"[-305.20001220703125, -16.600006103515625]",True,False
1025,1025,12.06611897848461,227.69074601770546,"[-304.3999938964844, -16.000000000000057]",True,False
1026,1026,12.077934861512063,227.7025619007328,"[-303.70001220703125, -14.79998779296875]",True,False
1027,1027,12.089653095096764,227.71428043477738,"[-306.79998779296875, -15.70001220703125]",True,False
1028,1028,12.10139746868606,227.7260245079069,"[-304.0, -14.5]",True,False
1029,1029,12.113448010835782,227.73807505005652,"[-304.1000061035156, -14.899993896484432]",True,False
1030,1030,12.124927378860548,227.74955471854128,"[-303.8999938964844, -15.899993896484375]",True,False
1031,1031,12.13666183727571,227.76128887649656,"[-306.5, -15.600006103515625]",True,False
1032,1032,12.148432951789346,227.77306029147007,"[-305.20001220703125, -16.000000000000057]",True,False
1033,1033,12.160194451588723,227.78482149080946,"[-303.79998779296875, -17.399993896484375]",True,False
1034,1034,12.173755405272232,227.79838244449297,"[-303.5, -17.499999999999943]",True,False
1035,1035,12.183691311182656,227.80831865086327,"[-302.5, -16.29998779296875]",True,False
1036,1036,12.195456416499837,227.82008465755985,"[-302.79998779296875, -15.600006103515625]",True,False
1037,1037,12.207213409401675,227.8318407490824,"[-306.79998779296875, -16.000000000000057]",True,False
1038,1038,12.218973106442036,227.84360074658252,"[-309.29998779296875, -15.799987792968807]",True,False
1039,1039,12.230728296585085,227.8553556362657,"[-308.6000061035156, -15.70001220703125]",True,False
1040,1040,12.24359879359372,227.86822613327433,"[-307.5, -14.79998779296875]",True,False
1041,1041,12.254290055500974,227.87891709472171,"[-306.20001220703125, -15.600006103515625]",True,False
1042,1042,12.266056362657423,227.89068340187816,"[-305.29998779296875, -13.399993896484375]",True,False
1043,1043,12.277798032108308,227.90242537178892,"[-299.29998779296875, -16.200012207031193]",True,False
1044,1044,12.289614516055394,227.91424215619577,"[-301.5, -18.600006103515568]",True,False
1045,1045,12.301357988265181,227.9259853279459,"[-299.29998779296875, -17.100006103515682]",True,False
1046,1046,12.313135412435145,227.93776275211576,"[-300.3999938964844, -16.70001220703125]",True,False
1047,1047,12.324902320511342,227.94952935973208,"[-301.20001220703125, -16.399993896484318]",True,False
1048,1048,12.336656008355135,227.96128364849562,"[-300.70001220703125, -17.20001220703125]",True,False
1049,1049,12.348417808614272,227.97304574921452,"[-300.70001220703125, -16.5]",True,False
1050,1050,12.360161581283933,227.98478982234406,"[-300.1000061035156, -17.70001220703125]",True,False
1051,1051,12.372076916513038,227.99670545803292,"[-299.20001220703125, -17.399993896484375]",True,False
1052,1052,12.383683379043305,228.0083119205632,"[-300.6000061035156, -18.899993896484432]",True,False
1053,1053,12.395442775623792,228.02007131714367,"[-299.20001220703125, -17.899993896484375]",True,False
1054,1054,12.407189252431863,228.03181749349199,"[-301.29998779296875, -18.200012207031307]",True,False
1055,1055,12.41895616050806,228.0435841011083,"[-301.3999938964844, -17.70001220703125]",True,False
1056,1056,12.430714655709039,228.05534319722904,"[-299.6000061035156, -16.5]",True,False
1057,1057,12.442469845852088,228.06709778645234,"[-301.6000061035156, -17.299987792968693]",True,False
1058,1058,12.454239758526455,228.07886830004634,"[-302.0, -17.100006103515682]",True,False
1059,1059,12.46599194407122,228.09062018513134,"[-301.29998779296875, -19.20001220703125]",True,False
1060,1060,12.477765762723266,228.1023940037834,"[-301.8999938964844, -17.600006103515625]",True,False
1061,1061,12.489517046888523,228.1141467902478,"[-301.5, -17.899993896484375]",True,False
1062,1062,12.501261420477931,228.12588876015855,"[-301.79998779296875, -18.29998779296875]",True,False
1063,1063,12.513049060281787,228.13767609950264,"[-302.0, -17.70001220703125]",True,False
1064,1064,12.524796438469366,228.14942347769022,"[-302.6000061035156, -18.000000000000057]",True,False
1065,1065,12.536583777813576,228.1612111174942,"[-302.5, -16.70001220703125]",True,False
1066,1066,12.548279476911489,228.17290651613223,"[-301.29998779296875, -17.600006103515625]",True,False
1067,1067,12.560066515795711,228.18469535777547,"[-301.8999938964844, -18.200012207031307]",True,False
1068,1068,12.571909740667138,228.19653798172715,"[-300.70001220703125, -16.70001220703125]",True,False
1069,1069,12.583623767814288,228.20826943554414,"[-301.20001220703125, -15.899993896484375]",True,False
1070,1070,12.595337794961438,228.21996633648132,"[-302.5, -16.79998779296875]",True,False
1071,1071,12.607118824649206,228.23174706570933,"[-304.79998779296875, -18.600006103515568]",True,False
1072,1072,12.618898352037945,228.24352689355783,"[-301.70001220703125, -18.600006103515568]",True,False
1073,1073,12.630633711832616,228.25526195289262,"[-303.5, -18.100006103515625]",True,False
1074,1074,12.642395211631879,228.267023452692,"[-301.6000061035156, -18.5]",True,False
1075,1075,12.654181649596467,228.2788098906566,"[-302.29998779296875, -18.70001220703125]",True,False
1076,1076,12.665941046177068,228.2905692872372,"[-303.70001220703125, -17.70001220703125]",True,False
1077,1077,12.677683016087826,228.30232718151854,"[-304.5, -17.499999999999943]",True,False
1078,1078,12.689444215427216,228.31407245648734,"[-302.70001220703125, -18.100006103515625]",True,False
1079,1079,12.701202410168548,228.3258303507688,"[-304.1000061035156, -19.499999999999943]",True,False
1080,1080,12.71293686858371,228.33756480918396,"[-302.6000061035156, -18.70001220703125]",True,False
1081,1081,12.724743437356551,228.34937167841656,"[-301.70001220703125, -16.70001220703125]",True,False
1082,1082,12.736483904968168,228.36112927223814,"[-306.5, -20.70001220703125]",True,False
1083,1083,12.748246606606699,228.3728751481267,"[-304.29998779296875, -18.000000000000057]",True,False
1084,1084,12.760087427799476,228.3847156688596,"[-302.8999938964844, -18.399993896484318]",True,False
1085,1085,12.771786732415308,228.3964366065827,"[-304.5, -20.29998779296875]",True,False
1086,1086,12.78352960370546,228.40817557189519,"[-304.20001220703125, -18.29998779296875]",True,False
1087,1087,12.795292305344105,228.41992024594435,"[-303.29998779296875, -18.29998779296875]",True,False
1088,1088,12.80704719502728,228.43167603700704,"[-302.6000061035156, -17.899993896484375]",True,False
1089,1089,12.818844149085749,228.44347239014587,"[-304.70001220703125, -17.899993896484375]",True,False
1090,1090,12.830613160380608,228.4552576262712,"[-306.3999938964844, -19.79998779296875]",True,False
1091,1091,12.84232628614825,228.4669710524987,"[-304.29998779296875, -18.600006103515568]",True,False
1092,1092,12.854085382268977,228.47871332286934,"[-304.0, -17.899993896484375]",True,False
1093,1093,12.86589856115802,228.49054332750836,"[-303.1000061035156, -17.399993896484375]",True,False
1094,1094,12.877597865773737,228.5022249049946,"[-304.8999938964844, -18.79998779296875]",True,False
1095,1095,12.889358764653366,228.51398580387422,"[-305.1000061035156, -18.70001220703125]",True,False
1096,1096,12.901115156635683,228.52574189539666,"[-305.6000061035156, -19.20001220703125]",True,False
1097,1097,12.912920523569255,228.5375475627901,"[-304.20001220703125, -18.5]",True,False
1098,1098,12.924658287042462,228.54928562672308,"[-304.3999938964844, -21.0]",True,False
1099,1099,12.936396050515668,228.56102339019628,"[-303.5, -20.600006103515568]",True,False
1100,1100,12.948196309632294,228.5728236493129,"[-303.8999938964844, -19.700012207031193]",True,False
1101,1101,12.960008587141715,228.58463562636257,"[-303.0, -19.299987792968693]",True,False
1102,1102,12.971785710851918,228.59641275007266,"[-304.20001220703125, -19.600006103515625]",True,False
1103,1103,12.983439646034299,228.6080669857149,"[-303.5, -17.70001220703125]",True,False
1104,1104,12.995203549512098,228.6198302882732,"[-303.0, -20.29998779296875]",True,False
1105,1105,13.006967152530251,228.631594191751,"[-304.20001220703125, -19.20001220703125]",True,False
1106,1106,13.01873616382511,228.6433638039656,"[-302.70001220703125, -18.100006103515625]",True,False
1107,1107,13.030484743851957,228.6551117830728,"[-305.20001220703125, -20.200012207031307]",True,False
1108,1108,13.04222160594577,228.6668486451665,"[-302.79998779296875, -19.100006103515682]",True,False
1109,1109,13.054015254946194,228.67864229416693,"[-302.1000061035156, -19.899993896484375]",True,False
1110,1110,13.065792378656283,228.6904197183369,"[-303.8999938964844, -21.100006103515682]",True,False
1111,1111,13.077544263741174,228.7021716034218,"[-302.29998779296875, -20.70001220703125]",True,False
1112,1112,13.089286233651933,228.7139132728728,"[-302.20001220703125, -21.399993896484375]",True,False
1113,1113,13.101046231152168,228.7256732703729,"[-299.1000061035156, -20.70001220703125]",True,False
1114,1114,13.11285460268391,228.73748164190476,"[-299.29998779296875, -20.000000000000057]",True,False
1115,1115,13.124578845465066,228.74920618514568,"[-298.79998779296875, -20.000000000000057]",True,False
1116,1116,13.13633193238934,228.76095927206995,"[-300.3999938964844, -22.0]",True,False
1117,1117,13.148120774032577,228.77274781325332,"[-299.1000061035156, -20.5]",True,False
1118,1118,13.15987926923367,228.78450660891428,"[-301.0, -20.5]",True,False
1119,1119,13.171632055698069,228.79625939537868,"[-300.5, -21.20001220703125]",True,False
1120,1120,13.183372523309686,228.80799956253043,"[-300.8999938964844, -20.600006103515568]",True,False
1121,1121,13.195140633225037,228.81976797290565,"[-299.70001220703125, -20.399993896484318]",True,False
1122,1122,13.206916254636099,228.8315438947766,"[-299.8999938964844, -19.899993896484375]",True,False
1123,1123,13.218671144319273,228.8432984839999,"[-301.1000061035156, -21.79998779296875]",True,False
1124,1124,13.23041702020771,228.85504435988832,"[-298.1000061035156, -19.79998779296875]",True,False
1125,1125,13.242174614029295,228.86680165325015,"[-299.0, -20.000000000000057]",True,False
1126,1126,13.253964657511801,228.87859169673266,"[-299.29998779296875, -20.70001220703125]",True,False
1127,1127,13.26572285225302,228.89034989147387,"[-301.1000061035156, -21.79998779296875]",True,False
1128,1128,13.277456108828915,228.90208314804977,"[-297.0, -20.600006103515568]",True,False
1129,1129,13.289216707248784,228.91384374646952,"[-301.3999938964844, -19.79998779296875]",True,False
1130,1130,13.300978207048047,228.9256052462689,"[-298.5, -17.0]",True,False
1131,1131,13.312721979717708,228.93734901893856,"[-300.5, -18.79998779296875]",True,False
1132,1132,13.324468756985652,228.94911232149673,"[-300.0, -19.499999999999943]",True,False
1133,1133,13.336303268522101,228.96093060820272,"[-296.8999938964844, -20.79998779296875]",True,False
1134,1134,13.348017295669251,228.97264463534987,"[-297.1000061035156, -20.70001220703125]",True,False
1135,1135,13.359912800549978,228.9845401402306,"[-298.6000061035156, -20.200012207031307]",True,False
1136,1136,13.37149192123627,228.99612076321603,"[-296.6000061035156, -19.499999999999943]",True,False
1137,1137,13.383254322415041,229.00788136163578,"[-296.6000061035156, -20.100006103515625]",True,False
1138,1138,13.39501522129467,229.0196422605154,"[-299.6000061035156, -19.0]",True,False
1139,1139,13.406817583629959,229.0314446228508,"[-298.1000061035156, -20.29998779296875]",True,False
1140,1140,13.418575477911418,229.04320251713216,"[-298.70001220703125, -19.700012207031193]",True,False
1141,1141,13.43029671609429,229.05492375531514,"[-298.8999938964844, -20.000000000000057]",True,False
1142,1142,13.442080449920581,229.0667077896012,"[-299.5, -18.899993896484432]",True,False
1143,1143,13.453838344201927,229.07846538342278,"[-297.70001220703125, -18.70001220703125]",True,False
1144,1144,13.465576107675133,229.090203146896,"[-296.3999938964844, -17.899993896484375]",True,False
1145,1145,13.47733760747451,229.10196464669525,"[-296.29998779296875, -17.600006103515625]",True,False
1146,1146,13.489097905434505,229.11372494465525,"[-298.6000061035156, -19.20001220703125]",True,False
1147,1147,13.500874728684721,229.12550176790558,"[-293.70001220703125, -18.000000000000057]",True,False
1148,1148,13.512633824805448,229.1372608640263,"[-297.29998779296875, -17.799987792968807]",True,False
1149,1149,13.524383606671677,229.14901064589242,"[-296.8999938964844, -18.899993896484432]",True,False
1150,1150,13.536139397734246,229.1607664369551,"[-297.29998779296875, -18.29998779296875]",True,False
1151,1151,13.54788857868084,229.17251591836146,"[-295.5, -19.399993896484375]",True,False
1152,1152,13.559678622163347,229.1843056613842,"[-298.3999938964844, -18.200012207031307]",True,False
1153,1153,13.571420592074105,229.19604763129485,"[-296.1000061035156, -17.499999999999943]",True,False
1154,1154,13.58318119049386,229.20780822971471,"[-296.3999938964844, -19.20001220703125]",True,False
1155,1155,13.594961318802234,229.2195883580231,"[-294.1000061035156, -17.70001220703125]",True,False
1156,1156,13.6067294287177,229.23135646793855,"[-293.29998779296875, -18.79998779296875]",True,False
1157,1157,13.618468694490048,229.24309603417066,"[-295.70001220703125, -19.600006103515625]",True,False
1158,1158,13.630235903026005,229.25486264178699,"[-295.29998779296875, -18.29998779296875]",True,False
1159,1159,13.642022641450467,229.2666496806712,"[-293.5, -16.79998779296875]",True,False
1160,1160,13.653850542870828,229.27847758209157,"[-294.79998779296875, -17.899993896484375]",True,False
1161,1161,13.665523106562318,229.29015044624293,"[-293.29998779296875, -18.000000000000057]",True,False
1162,1162,13.677266578772105,229.30189391845272,"[-292.8999938964844, -16.5]",True,False
1163,1163,13.6890268767321,229.31365391595295,"[-294.5, -17.70001220703125]",True,False
1164,1164,13.700789277910872,229.32541601667185,"[-294.79998779296875, -19.899993896484375]",True,False
1165,1165,13.712574814496065,229.33720215417668,"[-293.70001220703125, -17.600006103515625]",True,False
1166,1166,13.724311376130004,229.34893841535086,"[-291.0, -18.000000000000057]",True,False
1167,1167,13.736090903518743,229.36071764227972,"[-293.1000061035156, -19.399993896484375]",True,False
1168,1168,13.74786111665287,229.37248845633349,"[-292.6000061035156, -18.5]",True,False
1169,1169,13.759608795300323,229.38424935521323,"[-290.79998779296875, -17.399993896484375]",True,False
1170,1170,13.771383515331877,229.39601055455262,"[-290.5, -18.000000000000057]",True,False
1171,1171,13.783141409613222,229.40776874929384,"[-293.20001220703125, -17.70001220703125]",True,False
1172,1172,13.794918232863552,229.41954557254417,"[-293.3999938964844, -16.70001220703125]",True,False
1173,1173,13.806629255412417,229.43125629463327,"[-292.3999938964844, -16.5]",True,False
1174,1174,13.818410886019933,229.44303912708006,"[-293.29998779296875, -16.399993896484318]",True,False
1175,1175,13.830174188578212,229.45480242963833,"[-292.79998779296875, -18.200012207031307]",True,False
1176,1176,13.841985264248365,229.46661380576836,"[-290.79998779296875, -16.600006103515625]",True,False
1177,1177,13.853748566806644,229.47837710832653,"[-292.20001220703125, -16.79998779296875]",True,False
1178,1178,13.865482724761932,229.4901097639828,"[-292.79998779296875, -18.000000000000057]",True,False
1179,1179,13.877242121342533,229.50186916056327,"[-290.79998779296875, -18.000000000000057]",True,False
1180,1180,13.888990400909506,229.51361774059012,"[-289.79998779296875, -17.20001220703125]",True,True
1181,1181,13.900758811284732,229.5253858505056,"[-289.3999938964844, -17.20001220703125]",True,True
1182,1182,13.912516405106317,229.53715666455946,"[-290.5, -18.5]",True,True
1183,1183,13.924287519619952,229.5489145588408,"[-289.70001220703125, -18.399993896484318]",True,True
1184,1184,13.936059235053335,229.56068627427408,"[-288.79998779296875, -18.70001220703125]",True,True
1185,1185,13.947821035312472,229.5724480745332,"[-290.79998779296875, -20.000000000000057]",True,True
1186,1186,13.959526649584518,229.58415368880526,"[-289.3999938964844, -21.100006103515682]",True,False
1187,1187,13.971281539267693,229.59590857848843,"[-291.0, -20.100006103515625]",True,False
1188,1188,13.983128670116685,229.60775570933754,"[-288.1000061035156, -18.29998779296875]",True,False
1189,1189,13.994848706460402,229.61947574568114,"[-289.6000061035156, -20.600006103515568]",True,False
1190,1190,14.006580460737041,229.6312074999579,"[-289.0, -19.79998779296875]",True,False
1191,1191,14.018323632487181,229.64295067170792,"[-289.6000061035156, -20.5]",True,False
1192,1192,14.030086334125713,229.65471337334657,"[-289.70001220703125, -20.79998779296875]",True,False
1193,1193,14.042023602921859,229.6666506421427,"[-289.79998779296875, -21.600006103515625]",True,False
1194,1194,14.053680242242763,229.67830758192338,"[-288.70001220703125, -21.700012207031193]",True,False
1195,1195,14.065411095140007,229.69003843482062,"[-287.0, -21.700012207031193]",True,False
1196,1196,14.077174397698172,229.70180143691903,"[-287.29998779296875, -19.499999999999943]",True,False
1197,1197,14.088953624627152,229.7135806638479,"[-284.70001220703125, -19.700012207031193]",True,False
1198,1198,14.10072353730152,229.72535057652226,"[-285.79998779296875, -20.29998779296875]",True,False
1199,1199,14.113305292419454,229.73793263210018,"[-287.6000061035156, -20.5]",True,False
1200,1200,14.124219195056071,229.74884623427693,"[-285.6000061035156, -19.700012207031193]",True,False
1201,1201,14.13600923853869,229.76063627775943,"[-285.20001220703125, -19.700012207031193]",True,False
1202,1202,14.147793272824742,229.77242031204548,"[-286.79998779296875, -20.5]",True,False
1203,1203,14.15952172204345,229.78414906172407,"[-287.8999938964844, -18.899993896484432]",True,False
1204,1204,14.17125858413715,229.79588592381776,"[-286.5, -19.399993896484375]",True,False
1205,1205,14.183232208572008,229.80785924779275,"[-285.70001220703125, -20.899993896484375]",True,False
1206,1206,14.19479780856625,229.81944047169782,"[-285.29998779296875, -19.700012207031193]",True,False
1207,1207,14.206545186753829,229.8311728268942,"[-285.8999938964844, -20.200012207031307]",True,False
1208,1208,14.218254406543792,229.84288144576453,"[-287.1000061035156, -18.600006103515568]",True,False
1209,1209,14.230045050945932,229.8546720901668,"[-286.0, -19.100006103515682]",True,False
1210,1210,14.242055631939138,229.86668267115988,"[-288.6000061035156, -20.100006103515625]",True,False
1211,1211,14.253579167557973,229.87820620677883,"[-287.1000061035156, -18.79998779296875]",True,False
1212,1212,14.265359295866347,229.88998753692647,"[-289.1000061035156, -20.000000000000057]",True,False
1213,1213,14.277121096125484,229.90174903672573,"[-288.8999938964844, -19.79998779296875]",True,False
1214,1214,14.288902726733,229.91353096779312,"[-290.70001220703125, -22.0]",True,False
1215,1215,14.30066813250994,229.92529637357006,"[-288.5, -19.79998779296875]",True,False
1216,1216,14.312397783567917,229.93702602462804,"[-290.0, -20.200012207031307]",True,False
1217,1217,14.324164992103874,229.9487923317845,"[-289.5, -19.79998779296875]",True,False
1218,1218,14.335951730528336,229.96057846928932,"[-291.20001220703125, -20.70001220703125]",True,False
1219,1219,14.347691296760559,229.9723183359813,"[-291.29998779296875, -21.399993896484375]",True,False
1220,1220,14.359426957014989,229.98405399623584,"[-290.29998779296875, -21.100006103515682]",True,False
1221,1221,14.371187254974984,229.99581429419584,"[-288.6000061035156, -21.700012207031193]",True,False
1222,1222,14.382962275466298,230.00758931468715,"[-293.1000061035156, -20.70001220703125]",True,False
1223,1223,14.394728883082621,230.01935622276324,"[-294.3999938964844, -19.700012207031193]",True,False
1224,1224,14.406469951613985,230.03109699083473,"[-296.3999938964844, -22.399993896484432]",True,False
1225,1225,14.418236258770435,230.04286329799118,"[-299.70001220703125, -24.0]",True,False
1226,1226,14.429997157650064,230.0546241968708,"[-298.79998779296875, -21.399993896484375]",True,False
1227,1227,14.4417841965344,230.06641123575514,"[-298.0, -22.899993896484375]",True,False
1228,1228,14.45346517310088,230.07809221232174,"[-298.79998779296875, -22.399993896484432]",True,False
1229,1229,14.465224569681368,230.08985160890222,"[-297.3999938964844, -22.600006103515568]",True,False
1230,1230,14.477012810404972,230.10163984962583,"[-299.3999938964844, -24.0]",True,False
1231,1231,14.488828993892184,230.11347195748374,"[-300.79998779296875, -22.399993896484432]",True,False
1232,1232,14.500540917820558,230.1251679570414,"[-299.3999938964844, -21.299987792968807]",True,False
1233,1233,14.51226696336073,230.13689400258147,"[-301.5, -23.299987792968807]",True,False
1234,1234,14.524029664999262,230.14865670422012,"[-299.0, -22.70001220703125]",True,False
1235,1235,14.535853960901704,230.16049482127448,"[-299.70001220703125, -23.899993896484318]",True,False
1236,1236,14.547592024834785,230.17221906405564,"[-298.0, -21.600006103515625]",True,False
1237,1237,14.559313863937405,230.18394090315815,"[-301.79998779296875, -23.600006103515625]",True,False
1238,1238,14.571068453160706,230.19569549238156,"[-300.0, -22.200012207031307]",True,False
1239,1239,14.582847079169937,230.2074741183908,"[-296.70001220703125, -22.29998779296875]",True,False
1240,1240,14.594607377129933,230.21923471681055,"[-300.1000061035156, -22.5]",True,False
1241,1241,14.606352351638975,230.23097939085972,"[-301.29998779296875, -22.100006103515625]",True,False
1242,1242,14.618113250518604,230.24274028973934,"[-300.70001220703125, -20.5]",True,False
1243,1243,14.629897284804656,230.2545243240254,"[-299.20001220703125, -20.70001220703125]",True,False
1244,1244,14.641657883224411,230.26628522290514,"[-299.8999938964844, -19.499999999999943]",True,False
1245,1245,14.653421786702324,230.27805002776245,"[-299.0, -20.5]",True,False
1246,1246,14.665164657992591,230.28979169721333,"[-297.6000061035156, -21.0]",True,False
1247,1247,14.676955302394731,230.30158234161559,"[-298.79998779296875, -20.000000000000057]",True,False
1248,1248,14.688720407711912,230.31334774739253,"[-298.79998779296875, -19.399993896484375]",True,False
1249,1249,14.700462678082545,230.32508971730329,"[-298.5, -20.5]",True,False
1250,1250,14.712195634198565,230.33682267341942,"[-298.79998779296875, -20.79998779296875]",True,False
1251,1251,14.72402443699832,230.34865267805844,"[-299.0, -21.299987792968807]",True,False
1252,1252,14.735824696114946,230.36045323763483,"[-299.1000061035156, -19.499999999999943]",True,False
1253,1253,14.747529709467358,230.37215795052748,"[-299.20001220703125, -20.5]",True,False
1254,1254,14.759254553168148,230.38388279422827,"[-298.6000061035156, -19.79998779296875]",True,False
1255,1255,14.77104099113285,230.39566953265273,"[-296.70001220703125, -18.70001220703125]",True,False
1256,1256,14.782833438293892,230.407460177055,"[-300.79998779296875, -17.299987792968693]",True,False
1257,1257,14.794587727057433,230.4192147662783,"[-300.1000061035156, -17.0]",True,False
1258,1258,14.80632789420929,230.4309552338899,"[-295.6000061035156, -17.499999999999943]",True,False
1259,1259,14.81812124274984,230.44274858243057,"[-296.1000061035156, -21.499999999999943]",True,False
1260,1260,14.829854799785608,230.45448213946622,"[-295.0, -19.700012207031193]",True,False
1261,1261,14.841740089032214,230.46636833009234,"[-295.8999938964844, -19.20001220703125]",True,False
1262,1262,14.853384409500336,230.47801144872108,"[-295.70001220703125, -18.000000000000057]",True,False
1263,1263,14.865130886308407,230.48975792552915,"[-295.6000061035156, -18.600006103515568]",True,False
1264,1264,14.876856631388705,230.50148367060945,"[-296.20001220703125, -18.000000000000057]",True,False
1265,1265,14.888637661076473,230.51326620259647,"[-299.29998779296875, -18.899993896484432]",True,False
1266,1266,14.900384137884544,230.5250129798643,"[-299.70001220703125, -19.499999999999943]",True,False
1267,1267,14.912231569193523,230.53685981025353,"[-299.0, -17.299987792968693]",True,True
1268,1268,14.923878894259701,230.54850593348056,"[-297.6000061035156, -20.29998779296875]",True,True
1269,1269,14.935719715452478,230.56034675467333,"[-298.0, -20.5]",True,True
1270,1270,14.947433442139868,230.5720604813606,"[-297.6000061035156, -20.5]",True,True
1271,1271,14.959179017568431,230.58380605678929,"[-299.3999938964844, -20.29998779296875]",True,True
1272,1272,14.970968460131417,230.59559579981203,"[-298.6000061035156, -22.899993896484375]",True,True
1273,1273,14.983250356345366,230.6078773955661,"[-298.20001220703125, -20.70001220703125]",True,True
1274,1274,14.994482145475445,230.6191260104464,"[-297.3999938964844, -20.600006103515568]",True,False
1275,1275,15.00622351446657,230.63085115460694,"[-299.20001220703125, -20.70001220703125]",True,False
1276,1276,15.018004243694577,230.64263188383495,"[-297.8999938964844, -20.79998779296875]",True,False
1277,1277,15.029836351552376,230.65446489307237,"[-298.29998779296875, -20.70001220703125]",True,False
1278,1278,15.041519731797507,230.66614677101836,"[-301.3999938964844, -21.499999999999943]",True,False
1279,1279,15.053249082395723,230.67787612161646,"[-298.1000061035156, -20.70001220703125]",True,False
1280,1280,15.065028609784349,230.68965594946508,"[-298.8999938964844, -22.5]",True,False
1281,1281,15.076805433034679,230.70143247225553,"[-298.1000061035156, -22.5]",True,False
1282,1282,15.088532379954245,230.7131594191751,"[-299.29998779296875, -23.700012207031193]",True,False
1283,1283,15.10032212297699,230.72494916219784,"[-298.8999938964844, -22.399993896484432]",True,False
1284,1284,15.113546561657927,230.73817360087878,"[-298.3999938964844, -22.29998779296875]",True,False
1285,1285,15.123835207401385,230.748462547082,"[-298.20001220703125, -22.899993896484375]",True,False
1286,1286,15.135609626973064,230.76023666619392,"[-297.1000061035156, -23.399993896484375]",True,False
1287,1287,15.147332367455078,230.77195940667593,"[-297.20001220703125, -22.600006103515568]",True,False
1288,1288,15.159092965874947,230.78372030555556,"[-296.0, -23.79998779296875]",True,False
1289,1289,15.170854766134084,230.7954821058147,"[-297.0, -22.29998779296875]",True,False
1290,1290,15.182615665013714,230.80724270423457,"[-297.0, -22.5]",True,False
1291,1291,15.194383174009431,230.81901021323029,"[-297.1000061035156, -22.100006103515625]",True,False
1292,1292,15.206142270130158,230.830769309351,"[-296.20001220703125, -23.700012207031193]",True,False
1293,1293,15.21792600395645,230.8425530431772,"[-296.70001220703125, -23.0]",True,False
1294,1294,15.229777341242993,230.85440438046385,"[-297.70001220703125, -22.0]",True,False
1295,1295,15.241422863550383,230.86604990277112,"[-296.8999938964844, -24.0]",True,False
1296,1296,15.253201790019375,230.8778291297001,"[-296.6000061035156, -24.600006103515682]",True,False
1297,1297,15.264983721086764,230.8896107603075,"[-296.5, -21.79998779296875]",True,False
1298,1298,15.276762647555756,230.90138998723648,"[-303.70001220703125, -18.29998779296875]",True,False
1299,1299,15.288513631261253,230.91314097094187,"[-300.1000061035156, -18.29998779296875]",True,False
1300,1300,15.300255601172012,230.92488294085263,"[-300.29998779296875, -18.29998779296875]",True,False
1301,1301,15.312048348792928,230.93667538801378,"[-300.70001220703125, -19.100006103515682]",True,False
1302,1302,15.323823369284355,230.94845161034448,"[-299.8999938964844, -18.29998779296875]",True,False
1303,1303,15.335585470003252,230.96021371106337,"[-299.6000061035156, -19.0]",True,False
1304,1304,15.34735538267762,230.97198422465738,"[-297.8999938964844, -19.299987792968693]",True,False
1305,1305,15.359106366383116,230.98373370606373,"[-297.0, -20.79998779296875]",True,False
1306,1306,15.370841125258039,230.9954681644789,"[-296.70001220703125, -19.399993896484375]",True,False
1307,1307,15.382549143208735,231.00717678334922,"[-296.29998779296875, -19.20001220703125]",True,False
1308,1308,15.394350003244995,231.0189773429256,"[-299.70001220703125, -19.100006103515682]",True,False
1309,1309,15.406137042129217,231.03076528318934,"[-296.5, -19.299987792968693]",True,False
1310,1310,15.417884119857035,231.04251266137692,"[-298.3999938964844, -21.0]",True,False
1311,1311,15.429681374375377,231.054308714056,"[-298.20001220703125, -19.899993896484375]",True,False
1312,1312,15.441398105660937,231.06602514488168,"[-297.6000061035156, -19.0]",True,False
1313,1313,15.45315690132179,231.07778394054253,"[-296.6000061035156, -19.100006103515682]",True,False
1314,1314,15.464920203879956,231.0895472431008,"[-296.1000061035156, -17.600006103515625]",True,False
1315,1315,15.476700933107963,231.10132797232882,"[-297.29998779296875, -19.700012207031193]",True,False
1316,1316,15.488441701179454,231.1130864675299,"[-296.79998779296875, -21.899993896484375]",True,False
1317,1317,15.500201398219815,231.12482843744067,"[-291.3999938964844, -27.100006103515625]",True,False
1318,1318,15.51195358376458,231.13658062298543,"[-292.70001220703125, -26.899993896484375]",True,False
1319,1319,15.52372229459968,231.14834933382042,"[-293.0, -27.600006103515625]",True,False
1320,1320,15.535437523586097,231.16008228993644,"[-291.8999938964844, -29.100006103515625]",True,False
1321,1321,15.54719902338536,231.17182606260621,"[-293.5, -28.5]",True,False
1322,1322,15.558974043876674,231.18360108309753,"[-293.0, -27.200012207031193]",True,False
1323,1323,15.570786020926448,231.1954130601472,"[-294.0, -29.79998779296875]",True,False
1324,1324,15.58254571796681,231.20717275718755,"[-293.1000061035156, -28.100006103515568]",True,False
1325,1325,15.594320738458123,231.21894777767898,"[-294.29998779296875, -29.700012207031307]",True,False
1326,1326,15.606057600551821,231.23068463977268,"[-294.29998779296875, -29.29998779296875]",True,False
1327,1327,15.617775834136523,231.24241639404943,"[-292.20001220703125, -30.5]",True,False
1328,1328,15.629547549569793,231.25417488925052,"[-292.5, -28.20001220703125]",True,False
1329,1329,15.641283209824337,231.26591024904508,"[-292.1000061035156, -29.79998779296875]",True,False
1330,1330,15.653056127096875,231.27768466861687,"[-294.1000061035156, -31.79998779296875]",True,False
1331,1331,15.66481882873552,231.28944706979553,"[-293.6000061035156, -30.70001220703125]",True,False
1332,1332,15.6766091726779,231.30123801465754,"[-291.70001220703125, -30.399993896484375]",True,False
1333,1333,15.68833702097686,231.31296526203698,"[-294.0, -29.79998779296875]",True,False
1334,1334,15.700096117097587,231.32472375723808,"[-294.1000061035156, -27.500000000000057]",True,False
1335,1335,15.711839589307488,231.33646722944786,"[-294.8999938964844, -27.600006103515625]",True,False
1336,1336,15.723681912799293,231.34830895202015,"[-294.29998779296875, -28.5]",True,False
1337,1337,15.73539143304913,231.36001847226987,"[-294.8999938964844, -28.999999999999943]",True,False
1338,1338,15.747174265495914,231.37180160517653,"[-293.0, -28.0]",True,False
1339,1339,15.758966412197196,231.38359345141805,"[-291.8999938964844, -28.70001220703125]",True,False
1340,1340,15.770676232906794,231.39530327212765,"[-292.79998779296875, -28.29998779296875]",True,False
1341,1341,15.78240858810318,231.40703562732403,"[-295.3999938964844, -29.399993896484375]",True,False
1342,1342,15.794172792040968,231.4187998312617,"[-292.5, -28.999999999999943]",True,False
1343,1343,15.805943005175095,231.43057004439595,"[-295.0, -27.700012207031307]",True,False
1344,1344,15.817797947979557,231.44242528766017,"[-296.0, -28.5]",True,False
1345,1345,15.82948313098359,231.45411047066432,"[-294.0, -30.20001220703125]",True,False
1346,1346,15.841210979282664,231.46583831896328,"[-295.1000061035156, -29.79998779296875]",True,False
1347,1347,15.85299831862676,231.4776256583075,"[-293.1000061035156, -29.79998779296875]",True,False
1348,1348,15.864807891997884,231.4894352316785,"[-294.5, -31.100006103515625]",True,False
1349,1349,15.876530332020138,231.50115737124088,"[-294.79998779296875, -29.79998779296875]",True,False
1350,1350,15.888281616185395,231.512908955866,"[-295.0, -28.399993896484375]",True,False
1351,1351,15.900031998971258,231.524659038192,"[-295.5, -28.70001220703125]",True,False
1352,1352,15.911788991873095,231.53641633155382,"[-293.5, -29.399993896484375]",True,False
1353,1353,15.9236201983515,231.5482487398715,"[-293.1000061035156, -30.399993896484375]",True,False
1354,1354,15.935360365503357,231.55998860656348,"[-294.20001220703125, -30.0]",True,False
1355,1355,15.947119461624084,231.5717477026842,"[-296.29998779296875, -28.999999999999943]",True,False
1356,1356,15.958891177057353,231.58351971857724,"[-294.79998779296875, -29.29998779296875]",True,False
1357,1357,15.970655380995026,231.59528392251502,"[-295.79998779296875, -29.79998779296875]",True,False
1358,1358,15.982388337111047,231.60701567679178,"[-294.0, -29.200012207031193]",True,False
1359,1359,15.994148334611282,231.61877537383202,"[-292.8999938964844, -27.899993896484318]",True,False
1360,1360,16.00591434130797,231.6305413805287,"[-293.1000061035156, -28.20001220703125]",True,False
1361,1361,16.017662921334818,231.64229026101543,"[-293.70001220703125, -28.399993896484375]",True,False
1362,1362,16.029448758379772,231.65407579760063,"[-291.6000061035156, -28.0]",True,False
1363,1363,16.041191329210164,231.66581836843102,"[-291.70001220703125, -27.500000000000057]",True,False
1364,1364,16.052942012455787,231.67756935213652,"[-292.20001220703125, -28.29998779296875]",True,False
1365,1365,16.064721539844527,231.68934887952514,"[-291.6000061035156, -28.20001220703125]",True,False
1366,1366,16.076464711594554,231.70109205127528,"[-290.6000061035156, -27.500000000000057]",True,False
1367,1367,16.08819045667485,231.71283281934666,"[-290.5, -27.29998779296875]",True,False
1368,1368,16.099960669809093,231.72458770902983,"[-290.8999938964844, -26.70001220703125]",True,False
1369,1369,16.11176934180071,231.73639668148132,"[-288.70001220703125, -28.0]",True,False
1370,1370,16.123528738381196,231.7481560780618,"[-289.0, -26.600006103515682]",True,False
1371,1371,16.135268304613305,231.75989534383416,"[-292.79998779296875, -28.0]",True,False
1372,1372,16.147046329702903,231.77167457076303,"[-290.20001220703125, -27.500000000000057]",True,False
1373,1373,16.158814439618368,231.783443582058,"[-289.1000061035156, -28.100006103515568]",True,False
1374,1374,16.17058675597127,231.7952158984109,"[-290.8999938964844, -26.799987792968693]",True,False
1375,1375,16.18232872588203,231.80695726740203,"[-289.8999938964844, -26.0]",True,False
1376,1376,16.194135895574618,231.81876413663463,"[-290.1000061035156, -28.29998779296875]",True,False
1377,1377,16.20580485374819,231.83043189296893,"[-289.8999938964844, -27.399993896484375]",True,False
1378,1378,16.217600005047757,231.8422270442685,"[-288.0, -26.29998779296875]",True,False
1379,1379,16.22935369289155,231.85398043165253,"[-290.0, -26.5]",True,False
1380,1380,16.24111699544983,231.86574403467057,"[-288.70001220703125, -26.999999999999943]",True,False
1381,1381,16.252874889731174,231.87750192895203,"[-288.8999938964844, -26.799987792968693]",True,False
1382,1382,16.264628878034955,231.8892559172557,"[-288.6000061035156, -26.20001220703125]",True,False
1383,1383,16.276396987950307,231.9010237267113,"[-289.1000061035156, -26.70001220703125]",True,False
1384,1384,16.288159088669317,231.91278612789006,"[-288.5, -26.799987792968693]",True,False
1385,1385,16.299878824553048,231.92450556331403,"[-288.70001220703125, -26.5]",True,False
1386,1386,16.31172715724142,231.93635419646228,"[-288.6000061035156, -25.100006103515625]",True,False
1387,1387,16.323393711736458,231.9480207509572,"[-288.1000061035156, -26.799987792968693]",True,False
1388,1388,16.33515010371866,231.95977714293952,"[-289.79998779296875, -25.899993896484318]",True,False
1389,1389,16.346928729728006,231.97155576894875,"[-288.3999938964844, -24.999999999999943]",True,False
1390,1390,16.358713665393452,231.9833407046143,"[-288.1000061035156, -24.999999999999943]",True,False
1391,1391,16.37046434863919,231.99509138785993,"[-289.8999938964844, -26.600006103515682]",True,False
1392,1392,16.382192797857783,232.00681983707864,"[-290.1000061035156, -26.399993896484432]",True,False
1393,1393,16.394008981344996,232.01863602056585,"[-287.70001220703125, -25.700012207031307]",True,False
1394,1394,16.405761767809395,232.03040383002144,"[-288.79998779296875, -26.70001220703125]",True,False
1395,1395,16.417473992197642,232.0421010314185,"[-288.70001220703125, -27.100006103515625]",True,False
1396,1396,16.429236393376414,232.05386343259727,"[-289.79998779296875, -27.100006103515625]",True,False
1397,1397,16.44099849409531,232.06562553331617,"[-289.1000061035156, -25.79998779296875]",True,False
1398,1398,16.452774716426006,232.07740205610662,"[-287.70001220703125, -26.999999999999943]",True,False
1399,1399,16.464548835537926,232.08917617521854,"[-288.8999938964844, -27.100006103515625]",True,False
1400,1400,16.47630763119878,232.1009349708794,"[-286.70001220703125, -26.5]",True,False
1401,1401,16.488107289395657,232.1127343286165,"[-287.0, -26.999999999999943]",True,False
1402,1402,16.499905144833633,232.12453368635352,"[-286.8999938964844, -26.20001220703125]",True,False
1403,1403,16.511769101432833,232.13639734249296,"[-286.3999938964844, -28.0]",True,False
1404,1404,16.523385178677472,232.14801341973748,"[-288.0, -26.399993896484432]",True,False
1405,1405,16.535153589052697,232.15978213057258,"[-287.70001220703125, -26.70001220703125]",True,False
1406,1406,16.546928910003885,232.171557151064,"[-286.8999938964844, -28.5]",True,False
1407,1407,16.558663067959174,232.1832913090193,"[-286.20001220703125, -28.20001220703125]",True,False
1408,1408,16.570379799244733,232.195009542604,"[-285.20001220703125, -26.70001220703125]",True,False
1409,1409,16.582152716517385,232.2067809575774,"[-285.5, -27.700012207031307]",True,False
1410,1410,16.593877560218175,232.2185058012783,"[-285.6000061035156, -26.799987792968693]",True,False
1411,1411,16.605767656821968,232.23039469604282,"[-286.6000061035156, -28.899993896484375]",True,False
1412,1412,16.617424296142758,232.24205163582337,"[-287.0, -26.100006103515568]",True,False
1413,1413,16.629166266053517,232.25379330527437,"[-286.5, -27.899993896484318]",True,False
1414,1414,16.64092896769216,232.2655560069129,"[-288.3999938964844, -28.29998779296875]",True,False
1415,1415,16.652709396460295,232.27733643568115,"[-288.1000061035156, -26.600006103515682]",True,False
1416,1416,16.66448051097393,232.28910755019479,"[-287.8999938964844, -28.399993896484375]",True,False
1417,1417,16.676209260652513,232.30083629987325,"[-289.29998779296875, -26.899993896484375]",True,False
1418,1418,16.687963849875814,232.31259088909667,"[-286.20001220703125, -28.29998779296875]",True,False
1419,1419,16.699830811073298,232.32445754983428,"[-288.70001220703125, -27.899993896484318]",True,False
1420,1420,16.71154003086326,232.33616737054388,"[-287.8999938964844, -28.5]",True,False
1421,1421,16.72330092974289,232.34792796896363,"[-289.5, -27.600006103515625]",True,False
1422,1422,16.735061227702886,232.35968826692363,"[-289.0, -26.0]",True,False
1423,1423,16.746786371863436,232.37141371154416,"[-289.6000061035156, -27.200012207031193]",True,False
1424,1424,16.758546970283305,232.38317400950416,"[-289.3999938964844, -25.600006103515625]",True,False
1425,1425,16.770292846171742,232.3949198853926,"[-289.29998779296875, -26.799987792968693]",True,False
1426,1426,16.7820777818373,232.40670482105816,"[-289.70001220703125, -27.29998779296875]",True,False
1427,1427,16.79383567611876,232.4184627153395,"[-289.0, -26.899993896484375]",True,False
1428,1428,16.805671689954238,232.43029842871522,"[-288.70001220703125, -26.799987792968693]",True,False
1429,1429,16.817335239851104,232.44196197861208,"[-288.6000061035156, -27.79998779296875]",True,False
1430,1430,16.8290955378111,232.45372257703184,"[-289.1000061035156, -26.20001220703125]",True,False
1431,1431,16.840854633931713,232.46548167315257,"[-290.0, -27.100006103515625]",True,False
1432,1432,16.852661202704553,232.4772882419254,"[-291.0, -28.29998779296875]",True,False
1433,1433,16.864376431691085,232.48900347091183,"[-292.79998779296875, -27.600006103515625]",True,True
1434,1434,16.876135828271572,232.50076286749243,"[-288.79998779296875, -26.20001220703125]",True,True
1435,1435,16.88791565612007,232.51254269534093,"[-288.70001220703125, -26.29998779296875]",True,True
1436,1436,16.899786523295234,232.5244135625161,"[-289.79998779296875, -24.399993896484432]",True,True
1437,1437,16.911484325611923,232.53611136483266,"[-288.79998779296875, -26.5]",True,True
1438,1438,16.923230501960234,232.54785784164085,"[-287.79998779296875, -24.600006103515682]",True,True
1439,1439,16.934992302219257,232.5596193414401,"[-288.29998779296875, -24.999999999999943]",True,False
1440,1440,16.946776937425057,232.5714039766458,"[-288.6000061035156, -25.600006103515625]",True,False
1441,1441,16.958525817911664,232.58315285713252,"[-288.8999938964844, -26.0]",True,False
1442,1442,16.97026868920193,232.59489572842278,"[-288.3999938964844, -25.700012207031307]",True,False
1443,1443,16.98204280831385,232.6066698475346,"[-287.1000061035156, -22.899993896484375]",True,False
1444,1444,16.993812720988217,232.61843976020896,"[-287.8999938964844, -23.299987792968807]",True,False
1445,1445,17.005525546295985,232.6301528859767,"[-288.20001220703125, -22.0]",True,False
1446,1446,17.017263309769305,232.64189034899005,"[-287.20001220703125, -23.500000000000057]",True,False
1447,1447,17.029025410488202,232.65365244970894,"[-287.70001220703125, -23.600006103515625]",True,False
1448,1448,17.040797726841106,232.6654244656021,"[-287.1000061035156, -22.70001220703125]",True,False
1449,1449,17.05256854089498,232.67719558011572,"[-284.70001220703125, -22.0]",True,False
1450,1450,17.064317120921828,232.68894446060244,"[-286.8999938964844, -22.100006103515625]",True,False
1451,1451,17.07610926762311,232.70073660730384,"[-282.29998779296875, -21.899993896484375]",True,False
1452,1452,17.087918840994234,232.71254618067485,"[-284.29998779296875, -24.0]",True,False
1453,1453,17.099639177797712,232.7242668179381,"[-283.6000061035156, -22.899993896484375]",True,False
1454,1454,17.111415400128294,232.73604243934915,"[-283.20001220703125, -20.200012207031307]",True,False
1455,1455,17.123165482454283,232.74779252167514,"[-281.70001220703125, -18.899993896484432]",True,False
1456,1456,17.134945310302896,232.7595726499835,"[-283.5, -20.29998779296875]",True,False
1457,1457,17.146715823896898,232.77134346403727,"[-284.0, -22.0]",True,False
1458,1458,17.158490243468577,232.78311908544833,"[-283.8999938964844, -20.200012207031307]",True,False
1459,1459,17.170217490848017,232.79484483052863,"[-285.20001220703125, -20.600006103515568]",True,False
1460,1460,17.18199070858043,232.80661864918068,"[-285.3999938964844, -21.399993896484375]",True,False
1461,1461,17.193757917116386,232.818385256797,"[-285.6000061035156, -21.700012207031193]",True,False
1462,1462,17.205540749563056,232.83016869016342,"[-286.1000061035156, -22.5]",True,False
1463,1463,17.217258081768364,232.84188632282837,"[-285.29998779296875, -21.600006103515625]",True,False
1464,1464,17.229015375130075,232.8536427148107,"[-285.0, -22.70001220703125]",True,False
1465,1465,17.240778978148114,232.86540782012787,"[-286.0, -22.899993896484375]",True,False
1466,1466,17.252489399777346,232.87713476704744,"[-286.29998779296875, -22.200012207031307]",True,False
1467,1467,17.2642548055544,232.88888304661452,"[-286.79998779296875, -21.499999999999943]",True,False
1468,1468,17.276013300755494,232.90064184227538,"[-283.6000061035156, -22.29998779296875]",True,False
1469,1469,17.287778406072675,232.91240544529342,"[-283.3999938964844, -24.799987792968693]",True,False
1470,1470,17.29958287162674,232.92421021130735,"[-284.20001220703125, -23.0]",True,False
1471,1471,17.3113248415375,232.93595188075824,"[-283.1000061035156, -23.700012207031193]",True,False
1472,1472,17.32309415329223,232.94772119251297,"[-284.29998779296875, -23.600006103515625]",True,False
1473,1473,17.334854451252227,232.9594811900132,"[-282.79998779296875, -23.500000000000057]",True,False
1474,1474,17.34661895564966,232.97124599487051,"[-283.20001220703125, -23.0]",True,False
1475,1475,17.35836783613638,232.98299487535724,"[-285.79998779296875, -23.79998779296875]",True,False
1476,1476,17.370129035475884,232.99475607469662,"[-286.20001220703125, -23.500000000000057]",True,False
1477,1477,17.381888732516245,233.00651577173699,"[-283.8999938964844, -24.70001220703125]",True,False
1478,1478,17.39370311324444,233.0183301524653,"[-284.79998779296875, -23.20001220703125]",True,False
1479,1479,17.40542314958816,233.03006400996082,"[-287.0, -23.600006103515625]",True,False
1480,1480,17.417198470539347,233.04182581021996,"[-286.70001220703125, -24.29998779296875]",True,False
1481,1481,17.428917905963317,233.0535455461037,"[-286.1000061035156, -24.600006103515682]",True,False
1482,1482,17.44068601587867,233.06531305509952,"[-286.29998779296875, -22.200012207031307]",True,False
1483,1483,17.452471552463862,233.07709979352398,"[-286.29998779296875, -22.399993896484432]",True,False
1484,1484,17.464230348124715,233.0888588896447,"[-287.8999938964844, -22.70001220703125]",True,False
1485,1485,17.47599665528128,233.10062549726092,"[-290.1000061035156, -23.20001220703125]",True,False
1486,1486,17.487782492326232,233.11241073338635,"[-288.6000061035156, -21.700012207031193]",True,False
1487,1487,17.499559616036322,233.12418815755632,"[-291.1000061035156, -22.5]",True,False
1488,1488,17.511268535366526,233.1358970768864,"[-288.79998779296875, -20.79998779296875]",True,False
1489,1489,17.52302372550946,233.14765196656958,"[-289.0, -21.399993896484375]",True,False
1490,1490,17.534796943241872,233.15942398246273,"[-291.8999938964844, -22.5]",True,False
1491,1491,17.54655844304125,233.17118608318162,"[-291.3999938964844, -24.799987792968693]",True,False
1492,1492,17.558281784442897,233.1829091241235,"[-293.5, -24.799987792968693]",True,False
1493,1493,17.57003757550558,233.19466461472632,"[-290.29998779296875, -22.899993896484375]",True,False
1494,1494,17.58179216472888,233.20641920394974,"[-289.70001220703125, -23.700012207031193]",True,False
1495,1495,17.593612554653646,233.2182395938744,"[-293.6000061035156, -21.600006103515625]",True,False
1496,1496,17.605341304332114,233.22996834355297,"[-293.1000061035156, -20.5]",True,False
1497,1497,17.61711121700648,233.24173825622734,"[-291.8999938964844, -22.200012207031307]",True,False
1498,1498,17.62889434991314,233.25352138913388,"[-294.29998779296875, -19.899993896484375]",True,False
1499,1499,17.640650441435582,233.2652777811162,"[-293.6000061035156, -21.20001220703125]",True,False
1500,1500,17.652413443533987,233.27704048275473,"[-292.79998779296875, -21.299987792968807]",True,False
1501,1501,17.66414519781074,233.28877253749135,"[-291.20001220703125, -20.100006103515625]",True,False
1502,1502,17.67589798427514,233.30052502349588,"[-293.20001220703125, -21.0]",True,False
1503,1503,17.687734599030364,233.3123616382511,"[-294.6000061035156, -22.200012207031307]",True,False
1504,1504,17.699439612382776,233.32406665160363,"[-292.8999938964844, -21.20001220703125]",True,False
1505,1505,17.711188192409622,233.33581523163048,"[-292.1000061035156, -21.600006103515625]",True,False
1506,1506,17.722953898646438,233.3475809378673,"[-291.6000061035156, -21.20001220703125]",True,False
1507,1507,17.734727717298483,233.35935475651934,"[-292.79998779296875, -22.29998779296875]",True,False
1508,1508,17.746483207901406,233.37111024712215,"[-292.20001220703125, -22.0]",True,False
1509,1509,17.758228182410335,233.3828552216312,"[-292.1000061035156, -20.5]",True,False
1510,1510,17.769987879450696,233.39461491867155,"[-293.5, -21.79998779296875]",True,False
1511,1511,17.781718131428306,233.40634517064916,"[-292.70001220703125, -20.000000000000057]",True,False
1512,1512,17.7934766266294,233.41810366585014,"[-295.5, -21.0]",True,False
1513,1513,17.805223403897344,233.42985044311808,"[-293.3999938964844, -20.70001220703125]",True,False
1514,1514,17.817007738643156,233.44163507832388,"[-293.70001220703125, -19.79998779296875]",True,False
1515,1515,17.828770139821927,233.45339747950254,"[-293.3999938964844, -19.0]",True,False
1516,1516,17.840514813871096,233.4651421535517,"[-290.79998779296875, -19.399993896484375]",True,False
1517,1517,17.8522919375813,233.47691897680204,"[-293.0, -17.70001220703125]",True,False
1518,1518,17.864042620826922,233.48866996050754,"[-291.3999938964844, -17.399993896484375]",True,False
1519,1519,17.875836570287106,233.50046481134723,"[-291.20001220703125, -17.600006103515625]",True,False
1520,1520,17.887677992399517,233.51230623345964,"[-292.3999938964844, -17.899993896484375]",True,False
1521,1521,17.89932772114446,233.5239724874948,"[-291.5, -18.200012207031307]",True,False
1522,1522,17.911079305769476,233.5357075468296,"[-292.20001220703125, -17.399993896484375]",True,False
1523,1523,17.922858833158216,233.54748707421834,"[-291.20001220703125, -18.29998779296875]",True,False
1524,1524,17.934678321703473,233.5593065627636,"[-290.20001220703125, -18.29998779296875]",True,False
1525,1525,17.94640797276145,233.57105123681276,"[-290.29998779296875, -15.70001220703125]",True,False
1526,1526,17.958176984056422,233.5828055255763,"[-291.20001220703125, -16.600006103515625]",True,False
1527,1527,17.969934878337767,233.59456221801838,"[-291.79998779296875, -16.5]",True,False
1528,1528,17.981719814003327,233.60634685322418,"[-291.5, -16.29998779296875]",True,False
1529,1529,17.993465990351638,233.61809302957238,"[-290.1000061035156, -16.5]",True,False
1530,1530,18.00520074922656,233.62982778844741,"[-291.3999938964844, -17.399993896484375]",True,False
1531,1531,18.016959244427653,233.6415862836485,"[-291.29998779296875, -17.70001220703125]",True,False
1532,1532,18.028712030892052,233.6533390701129,"[-289.8999938964844, -16.70001220703125]",True,False
1533,1533,18.040447991606356,233.66507533128697,"[-290.70001220703125, -17.600006103515625]",True,False
1534,1534,18.052193867494793,233.67682090671565,"[-291.3999938964844, -17.600006103515625]",True,False
1535,1535,18.063955367294056,233.6885824065149,"[-291.70001220703125, -16.29998779296875]",True,False
1536,1536,18.075776057678695,233.70040309689944,"[-290.0, -17.100006103515682]",True,False
1537,1537,18.087487380687435,233.71211472036805,"[-289.70001220703125, -17.399993896484375]",True,False
1538,1538,18.09925969704034,233.72388703672095,"[-289.3999938964844, -18.100006103515625]",True,False
1539,1539,18.111004371089507,233.73563171077012,"[-289.6000061035156, -17.0]",True,False
1540,1540,18.122804930665893,233.7474322703465,"[-287.70001220703125, -16.5]",True,False
1541,1541,18.134534281263996,233.75916132048485,"[-291.3999938964844, -17.0]",True,False
1542,1542,18.146297884282035,233.77092642580203,"[-289.79998779296875, -15.70001220703125]",True,False
1543,1543,18.15805788178227,233.78268642330215,"[-288.70001220703125, -15.799987792968807]",True,False
1544,1544,18.169862046876574,233.79449058839646,"[-290.0, -16.200012207031193]",True,False
1545,1545,18.18177017106973,233.80639841212985,"[-289.3999938964844, -16.899993896484432]",True,False
1546,1546,18.193349592215895,233.81799165442794,"[-291.0, -16.600006103515625]",True,False
1547,1547,18.20507774097473,233.82970478019558,"[-288.3999938964844, -14.600006103515625]",True,False
1548,1548,18.21683984169374,233.84146688091448,"[-291.1000061035156, -16.5]",True,False
1549,1549,18.22864911460499,233.85327615382573,"[-290.8999938964844, -15.399993896484375]",True,False
1550,1550,18.24037666244419,233.8650172223571,"[-289.6000061035156, -15.899993896484375]",True,False
1551,1551,18.252132453506874,233.8767597931875,"[-291.20001220703125, -16.79998779296875]",True,False
1552,1552,18.263882836292623,233.88851017597324,"[-290.5, -16.600006103515625]",True,False
1553,1553,18.275724258405035,233.90035159808565,"[-291.1000061035156, -16.5]",True,False
1554,1554,18.28745481084252,233.91208215052313,"[-289.70001220703125, -16.000000000000057]",True,False
1555,1555,18.299210902364962,233.92383794158582,"[-289.79998779296875, -15.0]",True,False
1556,1556,18.31097540676251,233.93560244598325,"[-289.70001220703125, -14.399993896484375]",True,False
1557,1557,18.322705358280245,233.9473323975011,"[-290.6000061035156, -15.100006103515568]",True,False
1558,1558,18.33446114934293,233.95908818856378,"[-290.6000061035156, -14.5]",True,False
1559,1559,18.34620912845014,233.97083646813076,"[-290.6000061035156, -15.100006103515568]",True,False
1560,1560,18.35796582089222,233.98259286011307,"[-290.0, -14.700012207031307]",True,False
1561,1561,18.369780502080403,233.99440724084138,"[-288.5, -15.20001220703125]",True,False
1562,1562,18.381529683026884,234.00615672224774,"[-288.3999938964844, -14.200012207031193]",True,False
1563,1563,18.393252423508898,234.01787946272975,"[-291.20001220703125, -16.200012207031193]",True,False
1564,1564,18.40500941641085,234.0296364556317,"[-288.3999938964844, -14.899993896484432]",True,False
1565,1565,18.416785939201304,234.04141297842216,"[-290.8999938964844, -16.000000000000057]",True,False
1566,1566,18.428562161532,234.05318920075274,"[-290.0, -16.70001220703125]",True,False
1567,1567,18.44029241350961,234.06491945273046,"[-290.70001220703125, -16.899993896484432]",True,False
1568,1568,18.4520695372197,234.07669627598068,"[-289.0, -17.0]",True,False
1569,1569,18.463850266447707,234.08847730566856,"[-290.8999938964844, -15.899993896484375]",True,False
1570,1570,18.475652027863475,234.1002793675441,"[-291.70001220703125, -17.299987792968693]",True,False
1571,1571,18.487369960988303,234.11199730066892,"[-289.3999938964844, -16.200012207031193]",True,False
1572,1572,18.499094804689094,234.12372184390983,"[-289.3999938964844, -17.299987792968693]",True,False
1573,1573,18.51085540310885,234.1354824423297,"[-289.8999938964844, -17.299987792968693]",True,False
1574,1574,18.522717857408907,234.14734489662976,"[-291.20001220703125, -16.70001220703125]",True,False
1575,1575,18.53443879513202,234.15906613481263,"[-289.79998779296875, -17.399993896484375]",True,False
1576,1576,18.546184370560695,234.17081140978155,"[-291.29998779296875, -17.70001220703125]",True,False
1577,1577,18.55795097817702,234.18257831785763,"[-291.79998779296875, -17.399993896484375]",True,False
1578,1578,18.56971878763261,234.19434582685335,"[-291.79998779296875, -17.20001220703125]",True,False
1579,1579,18.581488700306977,234.20613106297878,"[-288.8999938964844, -19.100006103515682]",True,False
1580,1580,18.593227064699818,234.2178538034608,"[-289.70001220703125, -18.399993896484318]",True,False
1581,1581,18.604990667717857,234.2296177069387,"[-290.6000061035156, -18.100006103515625]",True,False
1582,1582,18.616747059700174,234.24137469984055,"[-290.20001220703125, -18.79998779296875]",True,False
1583,1583,18.628529291227323,234.25315663090794,"[-289.5, -17.899993896484375]",True,False
1584,1584,18.64026585286115,234.264892892082,"[-291.20001220703125, -18.29998779296875]",True,False
1585,1585,18.652002414495087,234.27662945371594,"[-291.79998779296875, -19.0]",True,False
1586,1586,18.663756102338994,234.28838314155985,"[-291.79998779296875, -19.20001220703125]",True,False
1587,1587,18.675514897999847,234.30014223768046,"[-289.20001220703125, -18.600006103515568]",True,False
1588,1588,18.687262276187425,234.31188931540828,"[-290.1000061035156, -18.79998779296875]",True,False
1589,1589,18.69902077138852,234.32364781060937,"[-290.70001220703125, -18.000000000000057]",True,False
1590,1590,18.7108129180898,234.33543995731065,"[-293.0, -17.799987792968807]",True,False
1591,1591,18.722582830764168,234.34720986998502,"[-289.6000061035156, -17.0]",True,False
1592,1592,18.734299261589968,234.3589263008107,"[-291.70001220703125, -20.000000000000057]",True,False
1593,1593,18.746062864608007,234.370689603369,"[-290.29998779296875, -19.600006103515625]",True,False
1594,1594,18.757842091536872,234.38246913075773,"[-290.6000061035156, -18.70001220703125]",True,False
1595,1595,18.76969913756011,234.3943258763211,"[-290.8999938964844, -18.200012207031307]",True,False
1596,1596,18.781365391595273,234.40599243081613,"[-292.20001220703125, -17.20001220703125]",True,False
1597,1597,18.79310736150603,234.41773440072689,"[-289.6000061035156, -18.79998779296875]",True,False
1598,1598,18.80486675808652,234.42949409776713,"[-288.20001220703125, -21.299987792968807]",True,False
1599,1599,18.816688650310425,234.44131568953128,"[-286.6000061035156, -19.20001220703125]",True,False
1600,1600,18.828431822060452,234.45305916174107,"[-288.0, -20.399993896484318]",True,False
1601,1601,18.8401804020873,234.46480744130815,"[-286.5, -21.700012207031193]",True,False
1602,1602,18.851924174757073,234.4765515144377,"[-285.79998779296875, -21.79998779296875]",True,False
1603,1603,18.863720227436033,234.48834756711665,"[-286.79998779296875, -20.79998779296875]",True,False
1604,1604,18.87549404608808,234.50012108530893,"[-287.3999938964844, -19.899993896484375]",True,False
1605,1605,18.887243527494434,234.5118705667153,"[-286.1000061035156, -18.79998779296875]",True,True
1606,1606,18.899006830052713,234.52363386927345,"[-286.3999938964844, -16.600006103515625]",True,True
1607,1607,18.910762921575156,234.535389960796,"[-286.29998779296875, -17.0]",True,True
1608,1608,18.922538542986217,234.5471652817472,"[-285.1000061035156, -16.399993896484318]",True,True
1609,1609,18.934285019794288,234.55891205901503,"[-286.0, -16.200012207031193]",True,True
1610,1610,18.946045918673917,234.57067325835453,"[-288.1000061035156, -17.299987792968693]",True,True
1611,1611,18.95776956053544,234.58239659975618,"[-286.70001220703125, -17.399993896484375]",True,True
1612,1612,18.969573124709996,234.59420016393085,"[-287.29998779296875, -16.899993896484432]",True,False
1613,1613,18.981310888183202,234.60593822786393,"[-284.8999938964844, -15.0]",True,False
1614,1614,18.993488825298186,234.6181161649788,"[-287.0, -15.70001220703125]",True,False
1615,1615,19.00488586733138,234.62951290655212,"[-286.3999938964844, -15.299987792968693]",True,False
1616,1616,19.016611011491932,234.6412380507128,"[-288.1000061035156, -17.600006103515625]",True,False
1617,1617,19.028351779563422,234.65297911924404,"[-288.6000061035156, -17.399993896484375]",True,False
1618,1618,19.040090444416137,234.66471748363688,"[-289.1000061035156, -16.5]",True,False
1619,1619,19.05188229065766,234.6765093298784,"[-290.0, -17.70001220703125]",True,False
1620,1620,19.063676240117843,234.68830388025833,"[-288.70001220703125, -16.399993896484318]",True,False
1621,1621,19.075408895774103,234.70005185936554,"[-290.5, -16.70001220703125]",True,False
1622,1622,19.0871439551089,234.71177219616902,"[-287.79998779296875, -16.000000000000057]",True,False
1623,1623,19.0988985443322,234.7235261844727,"[-289.8999938964844, -19.700012207031193]",True,False
1624,1624,19.1106942965514,234.7353219366919,"[-290.20001220703125, -20.70001220703125]",True,False
1625,1625,19.12262946212877,234.7472568018095,"[-290.29998779296875, -18.000000000000057]",True,False
1626,1626,19.134194761663252,234.75882210134387,"[-290.79998779296875, -18.399993896484318]",True,False
1627,1627,19.14593673157401,234.77056377079475,"[-288.6000061035156, -18.5]",True,False
1628,1628,19.157707545627773,234.7823348853084,"[-290.0, -18.000000000000057]",True,False
1629,1629,19.16954446084287,234.79417240144312,"[-290.1000061035156, -17.299987792968693]",True,False
1630,1630,19.181277717418766,234.80590866261718,"[-290.8999938964844, -19.600006103515625]",True,False
1631,1631,19.19315309149124,234.81778013071198,"[-290.29998779296875, -18.000000000000057]",True,False
1632,1632,19.20483406805772,234.8294617081982,"[-291.0, -19.700012207031193]",True,False
1633,1633,19.21656522141484,234.84119256109545,"[-289.70001220703125, -17.799987792968807]",True,False
1634,1634,19.22828105132089,234.85290809054175,"[-291.20001220703125, -19.0]",True,False
1635,1635,19.24006328284804,234.86469062252866,"[-290.20001220703125, -18.399993896484318]",True,False
1636,1636,19.252297105490243,234.87694217230046,"[-291.3999938964844, -19.0]",True,False
1637,1637,19.263714278331577,234.88834131755232,"[-291.20001220703125, -18.70001220703125]",True,False
1638,1638,19.27528829120081,234.89991533042166,"[-294.1000061035156, -18.29998779296875]",True,False
1639,1639,19.287051593759088,234.91167863297983,"[-290.20001220703125, -21.0]",True,False
1640,1640,19.298828717469178,234.92345575669003,"[-291.29998779296875, -21.299987792968807]",True,False
1641,1641,19.31060163474183,234.93522897442244,"[-293.3999938964844, -21.0]",True,False
1642,1642,19.322388974085925,234.94701631376654,"[-291.5, -20.899993896484375]",True,False
1643,1643,19.3341186251439,234.95874596482452,"[-290.20001220703125, -20.899993896484375]",True,False
1644,1644,19.345867505630622,234.97049454485136,"[-294.6000061035156, -21.20001220703125]",True,False
1645,1645,19.35768429003747,234.98231162971808,"[-291.29998779296875, -22.5]",True,False
1646,1646,19.36938659925147,234.99401363847232,"[-289.8999938964844, -19.899993896484375]",True,False
1647,1647,19.38115681238571,235.0057853539056,"[-291.0, -20.399993896484318]",True,False
1648,1648,19.392929429198375,235.01755736979874,"[-291.29998779296875, -19.899993896484375]",True,False
1649,1649,19.4046774083057,235.02930594982558,"[-292.0, -20.899993896484375]",True,False
1650,1650,19.41644912373897,235.04109328916968,"[-292.5, -20.000000000000057]",True,False
1651,1651,19.428195600547042,235.05282384160716,"[-291.5, -19.700012207031193]",True,False
1652,1652,19.439956799886545,235.06458504094667,"[-293.5, -20.600006103515568]",True,False
1653,1653,19.45183938499474,235.07646762605486,"[-293.8999938964844, -21.0]",True,False
1654,1654,19.463600584334245,235.088229426314,"[-292.70001220703125, -22.399993896484432]",True,False
1655,1655,19.47528967331607,235.09991911621546,"[-293.8999938964844, -20.5]",True,False
1656,1656,19.487050271735825,235.11167851279595,"[-292.70001220703125, -22.799987792968693]",True,False
1657,1657,19.49877721865539,235.12340606063515,"[-294.0, -22.399993896484432]",True,False
1658,1658,19.51055133776731,235.1351798792872,"[-294.79998779296875, -22.899993896484375]",True,False
1659,1659,19.522282190664555,235.14691133310419,"[-294.3999938964844, -22.0]",True,False
1660,1660,19.534045493222834,235.15867403474272,"[-294.20001220703125, -21.399993896484375]",True,False
1661,1661,19.545802486124785,235.17042952534553,"[-292.29998779296875, -23.299987792968807]",True,False
1662,1662,19.55767245192044,235.18229949114118,"[-292.6000061035156, -21.499999999999943]",True,False
1663,1663,19.569307157674075,235.19393419689493,"[-293.29998779296875, -19.79998779296875]",True,False
1664,1664,19.581068957933212,235.20569599715395,"[-293.5, -21.499999999999943]",True,False
1665,1665,19.5928283545137,235.21745539373455,"[-294.6000061035156, -21.79998779296875]",True,False
1666,1666,19.604625008112407,235.22925204733315,"[-293.20001220703125, -20.200012207031307]",True,False
1667,1667,19.61638079917509,235.2410081388557,"[-292.5, -21.700012207031193]",True,False
1668,1668,19.62810714517491,235.2527338839359,"[-294.29998779296875, -18.899993896484432]",True,False
1669,1669,19.639882466126096,235.26450950534695,"[-294.20001220703125, -20.399993896484318]",True,False
1670,1670,19.651634952130735,235.27626199135148,"[-293.29998779296875, -20.70001220703125]",True,False
1671,1671,19.663413277680093,235.28804061736082,"[-294.20001220703125, -20.600006103515568]",True,False
1672,1672,19.675151041153413,235.29977838083403,"[-293.3999938964844, -19.499999999999943]",True,False
1673,1673,19.686912240492802,235.31153927971366,"[-294.70001220703125, -21.0]",True,False
1674,1674,19.6986902655824,235.32331730480325,"[-292.1000061035156, -20.100006103515625]",True,False
1675,1675,19.71044695802459,235.3350742977052,"[-291.20001220703125, -19.0]",True,False
1676,1676,19.722203350006794,235.34683038922765,"[-291.5, -19.600006103515625]",True,False
1677,1677,19.733951930033754,235.35857926971437,"[-294.6000061035156, -19.700012207031193]",True,False
1678,1678,19.745729354203604,235.37035639342446,"[-293.70001220703125, -20.5]",True,False
1679,1679,19.75758700114659,235.38221404036733,"[-294.29998779296875, -21.499999999999943]",True,False
1680,1680,19.76923823219056,235.3938652714113,"[-295.70001220703125, -20.5]",True,False
1681,1681,19.781002736588107,235.40562977580885,"[-296.70001220703125, -18.100006103515625]",True,False
1682,1682,19.792785569034777,235.41741260825563,"[-295.20001220703125, -20.399993896484318]",True,False
1683,1683,19.804607160798923,235.42923420001966,"[-293.70001220703125, -18.000000000000057]",True,False
1684,1684,19.816367158299045,235.44099449797966,"[-295.0, -17.70001220703125]",True,False
1685,1685,19.828086593723015,235.45271363294387,"[-293.70001220703125, -16.899993896484432]",True,False
1686,1686,19.839861914674202,235.46448895389506,"[-296.0, -18.100006103515625]",True,False
1687,1687,19.851649254018298,235.4762765936989,"[-295.5, -18.200012207031307]",True,False
1688,1688,19.863337441620615,235.48796478130123,"[-296.0, -19.20001220703125]",True,False
1689,1689,19.8751109598129,235.49973829949352,"[-295.1000061035156, -16.600006103515625]",True,False
1690,1690,19.886873961911306,235.51150130159192,"[-295.29998779296875, -18.79998779296875]",True,False
1691,1691,19.898657996197358,235.52328533587797,"[-296.1000061035156, -19.700012207031193]",True,False
1692,1692,19.910399365188482,235.5350267048691,"[-295.20001220703125, -19.499999999999943]",True,False
1693,1693,19.922156358090433,235.54678369777105,"[-294.5, -18.100006103515625]",True,False
1694,1694,19.933931078121987,235.55855811734273,"[-297.1000061035156, -18.899993896484432]",True,False
1695,1695,19.945709704131218,235.5703382456511,"[-296.20001220703125, -18.100006103515625]",True,False
1696,1696,19.95749103427886,235.58211957579874,"[-296.20001220703125, -18.5]",True,False
1697,1697,19.969229999591334,235.59385794019158,"[-295.0, -18.5]",True,False
1698,1698,19.980993903069248,235.60562244458913,"[-295.70001220703125, -17.399993896484375]",True,False
1699,1699,19.992699216881533,235.61732655656215,"[-296.5, -18.000000000000057]",True,False
1700,1700,20.004522010484834,235.6291490497057,"[-297.5, -19.399993896484375]",True,False
1701,1701,20.016261276257183,235.6408886159378,"[-296.3999938964844, -17.899993896484375]",True,False
1702,1702,20.028013161342074,235.65264020056293,"[-296.70001220703125, -17.899993896484375]",True,False
1703,1703,20.03978848229326,235.66441552151412,"[-297.79998779296875, -18.200012207031307]",True,False
1704,1704,20.05155178485154,235.67617882407228,"[-296.5, -19.0]",True,False
1705,1705,20.06324718348958,235.68787422271043,"[-297.20001220703125, -20.399993896484318]",True,False
1706,1706,20.075007180989815,235.6996339197508,"[-296.5, -17.899993896484375]",True,False
1707,1707,20.086783102860636,235.71141014208138,"[-297.79998779296875, -19.299987792968693]",True,False
1708,1708,20.098613708419293,235.72324074764015,"[-297.0, -19.399993896484375]",True,False
1709,1709,20.110354176031024,235.73498151571164,"[-297.1000061035156, -20.200012207031307]",True,False
1710,1710,20.122099150539952,235.7467261897608,"[-297.3999938964844, -20.600006103515568]",True,False
1711,1711,20.133880480687594,235.7585078203682,"[-296.1000061035156, -20.000000000000057]",True,False
1712,1712,20.14562996209395,235.77025730177456,"[-298.6000061035156, -18.899993896484432]",True,False
1713,1713,20.15736802602703,235.78199506524777,"[-298.8999938964844, -20.70001220703125]",True,False
1714,1714,20.169109695477914,235.79373793653804,"[-297.3999938964844, -20.200012207031307]",True,False
1715,1715,20.180874500335335,235.8055033423151,"[-299.29998779296875, -19.700012207031193]",True,False
1716,1716,20.192694890259986,235.8173231313201,"[-298.20001220703125, -21.20001220703125]",True,True
1717,1717,20.204487337421142,235.82911647986077,"[-295.1000061035156, -21.399993896484375]",True,True
1718,1718,20.216200162729024,235.84082810332927,"[-298.70001220703125, -22.100006103515625]",True,True
1719,1719,20.227939728961132,235.852566768182,"[-298.6000061035156, -21.79998779296875]",True,True
1720,1720,20.239677792894213,235.86430483211507,"[-298.0, -23.100006103515625]",True,True
1721,1721,20.251454916604303,235.87608225628503,"[-298.1000061035156, -22.600006103515568]",True,True
1722,1722,20.26325427434142,235.88788161402204,"[-297.79998779296875, -21.899993896484375]",True,False
1723,1723,20.274984826778905,235.89961186599965,"[-300.8999938964844, -20.70001220703125]",True,False
1724,1724,20.28675954681046,235.9113865860312,"[-297.5, -20.399993896484318]",True,False
1725,1725,20.298530961783854,235.9231580010047,"[-301.29998779296875, -19.899993896484375]",True,False
1726,1726,20.310267523417792,235.93489456263865,"[-299.79998779296875, -18.29998779296875]",True,False
1727,1727,20.32295624223309,235.94758328145394,"[-298.70001220703125, -19.20001220703125]",True,False
1728,1728,20.33380915152543,235.95843619074628,"[-300.0, -18.600006103515568]",True,False
1729,1729,20.345612415240225,235.97023945446108,"[-298.6000061035156, -19.399993896484375]",True,False
1730,1730,20.35734296767771,235.98197000689856,"[-299.79998779296875, -19.100006103515682]",True,False
1731,1731,20.369072318275926,235.99369935749667,"[-298.6000061035156, -18.899993896484432]",True,False
1732,1732,20.380840127731517,236.0054668664925,"[-296.8999938964844, -18.29998779296875]",True,False
1733,1733,20.392884660684672,236.01751169990553,"[-298.1000061035156, -17.100006103515682]",True,False
1734,1734,20.404379051700744,236.02900609092148,"[-297.5, -18.70001220703125]",True,False
1735,1735,20.4161144114953,236.04074145071615,"[-297.29998779296875, -19.79998779296875]",True,False
1736,1736,20.427870803477617,236.05249814315823,"[-296.8999938964844, -19.899993896484375]",True,False
1737,1737,20.4396695602951,236.06429720043548,"[-296.29998779296875, -18.899993896484432]",True,False
1738,1738,20.453159305000327,236.07778634422118,"[-296.70001220703125, -18.000000000000057]",True,False
1739,1739,20.46318054150072,236.08780788118133,"[-295.5, -18.899993896484432]",True,False
1740,1740,20.47494144038035,236.0995684796012,"[-294.8999938964844, -17.600006103515625]",True,False
1741,1741,20.486672593737467,236.1112996329582,"[-295.6000061035156, -18.600006103515568]",True,False
1742,1742,20.498434694456364,236.12306203413698,"[-296.70001220703125, -18.29998779296875]",True,False
1743,1743,20.510191687358315,236.1348193274988,"[-297.1000061035156, -17.600006103515625]",True,False
1744,1744,20.522422505402233,236.14705014554272,"[-297.1000061035156, -18.5]",True,False
1745,1745,20.533719494314028,236.15834833629378,"[-296.70001220703125, -18.79998779296875]",True,False
1746,1746,20.54547378307757,236.17010142321806,"[-296.20001220703125, -17.299987792968693]",True,False
1747,1747,20.557210044251747,236.181837984852,"[-294.8999938964844, -18.600006103515568]",True,False
1748,1748,20.568979356006366,236.1936066956871,"[-295.79998779296875, -18.5]",True,False
1749,1749,20.580766695350576,236.20539373457132,"[-297.6000061035156, -19.79998779296875]",True,False
1750,1750,20.592530298368615,236.21715733758936,"[-295.8999938964844, -18.899993896484432]",True,False
1751,1751,20.60426115126586,236.22888849094647,"[-296.3999938964844, -18.29998779296875]",True,False
1752,1752,20.615994708301514,236.24062174752237,"[-294.8999938964844, -20.000000000000057]",True,False
1753,1753,20.627857463061446,236.25248600458133,"[-295.29998779296875, -20.70001220703125]",True,False
1754,1754,20.639665233673554,236.26429347473368,"[-296.5, -20.100006103515625]",True,False
1755,1755,20.651357327253663,236.27598646969318,"[-292.70001220703125, -21.20001220703125]",True,False
1756,1756,20.663101700842958,236.28772994190308,"[-293.29998779296875, -21.600006103515625]",True,False
1757,1757,20.674862299262827,236.29949054032284,"[-300.20001220703125, -19.700012207031193]",True,False
1758,1758,20.68658083330729,236.31120967528705,"[-299.0, -19.79998779296875]",True,False
1759,1759,20.69836036069603,236.3229889022159,"[-300.5, -20.899993896484375]",True,False
1760,1760,20.710120658656024,236.3347492001759,"[-299.79998779296875, -21.79998779296875]",True,False
1761,1761,20.721923621910946,236.34655216343083,"[-299.8999938964844, -22.0]",True,False
1762,1762,20.733660183544885,236.358288424605,"[-298.70001220703125, -23.20001220703125]",True,False
1763,1763,20.745412068629776,236.37005563314096,"[-298.1000061035156, -22.799987792968693]",True,False
1764,1764,20.75713721279044,236.3817660547702,"[-299.0, -22.5]",True,False
1765,1765,20.76889450615215,236.39352304767215,"[-299.8999938964844, -23.399993896484375]",True,False
1766,1766,20.78067373308113,236.40530197414114,"[-299.6000061035156, -23.600006103515625]",True,False
1767,1767,20.792434031041125,236.41706227210113,"[-299.20001220703125, -23.600006103515625]",True,False
1768,1768,20.804181409228704,236.42880934982895,"[-299.1000061035156, -23.0]",True,False
1769,1769,20.81594441132711,236.440572952847,"[-298.6000061035156, -22.799987792968693]",True,False
1770,1770,20.82772664285426,236.45235518437414,"[-300.1000061035156, -24.5]",True,False
1771,1771,20.839558149792424,236.46418518901328,"[-298.8999938964844, -23.399993896484375]",True,False
1772,1772,20.85122230060881,236.47585114258857,"[-298.5, -24.399993896484432]",True,False
1773,1773,20.862968176497247,236.4875952157181,"[-298.1000061035156, -23.899993896484318]",True,False
1774,1774,20.874748905725255,236.4993759449461,"[-297.0, -23.700012207031193]",True,False
1775,1775,20.886532339091673,236.51115937831253,"[-300.6000061035156, -24.70001220703125]",True,False
1776,1776,20.898248769917473,236.5228758091382,"[-297.79998779296875, -24.0]",True,False
1777,1777,20.91000816649796,236.5346352057188,"[-297.79998779296875, -25.100006103515625]",True,False
1778,1778,20.921824349985172,236.5464516896658,"[-300.1000061035156, -24.5]",True,False
1779,1779,20.93362761369997,236.55825465292082,"[-299.8999938964844, -24.999999999999943]",True,False
1780,1780,20.945317604061188,236.56995966627323,"[-298.79998779296875, -23.299987792968807]",True,False
1781,1781,20.95705566799427,236.58168270721512,"[-298.5, -24.5]",True,False
1782,1782,20.96881446365512,236.59344150287598,"[-297.8999938964844, -25.399993896484375]",True,False
1783,1783,20.980615924611016,236.60524296383176,"[-299.0, -25.899993896484318]",True,False
1784,1784,20.992348880727036,236.6169759199479,"[-297.5, -24.999999999999943]",True,False
1785,1785,21.004120295700545,236.6287473349213,"[-297.1000061035156, -26.100006103515568]",True,False
1786,1786,21.015852049977298,236.64047878873828,"[-296.1000061035156, -26.20001220703125]",True,False
1787,1787,21.027650806794668,236.65227814647528,"[-296.3999938964844, -27.100006103515625]",True,False
1788,1788,21.03939427900457,236.66402131822542,"[-294.3999938964844, -24.399993896484432]",True,False
1789,1789,21.051156980643214,236.67578401986395,"[-295.3999938964844, -26.20001220703125]",True,False
1790,1790,21.06292208596028,236.687549425641,"[-296.79998779296875, -26.999999999999943]",True,False
1791,1791,21.074697707371342,236.69932504705196,"[-297.5, -25.299987792968807]",True,False
1792,1792,21.086436372224057,236.71106371190467,"[-296.0, -24.999999999999943]",True,False
1793,1793,21.098194867425036,236.7228219066459,"[-298.0, -24.100006103515625]",True,False
1794,1794,21.109935635496527,236.73456297517714,"[-298.3999938964844, -26.20001220703125]",True,False
1795,1795,21.121710655987954,236.74633889704796,"[-296.8999938964844, -26.0]",True,False
1796,1796,21.133607062248075,236.75823590422783,"[-296.20001220703125, -26.799987792968693]",True,False
1797,1797,21.145317483877307,236.76994572493743,"[-296.3999938964844, -26.0]",True,False
1798,1798,21.15708138735522,236.7817099288751,"[-297.1000061035156, -26.600006103515682]",True,False
1799,1799,21.16879180898445,236.7934197495847,"[-295.5, -26.70001220703125]",True,False
1800,1800,21.180630827418213,236.80525966939797,"[-296.8999938964844, -25.500000000000057]",True,False
1801,1801,21.192359877556555,236.81700163930873,"[-296.3999938964844, -25.500000000000057]",True,False
1802,1802,21.204087124935995,236.82871566645588,"[-297.5, -27.79998779296875]",True,False
1803,1803,21.215851929793303,236.84048017085343,"[-296.79998779296875, -26.399993896484432]",True,False
1804,1804,21.22761102591403,236.85223806513488,"[-296.1000061035156, -25.399993896484375]",True,False
1805,1805,21.239376732150845,236.86400407183146,"[-297.0, -28.100006103515568]",True,False
1806,1806,21.25111810114197,236.87574514036282,"[-297.1000061035156, -26.600006103515682]",True,False
1807,1807,21.262872089445636,236.8874991286665,"[-297.29998779296875, -27.100006103515625]",True,False
1808,1808,21.274644405798654,236.8992714450194,"[-296.20001220703125, -27.700012207031307]",True,False
1809,1809,21.28641281617388,236.9110401558545,"[-297.5, -27.500000000000057]",True,False
1810,1810,21.298155086544398,236.92278212576525,"[-295.70001220703125, -27.600006103515625]",True,False
1811,1811,21.309918689562437,236.9345457287833,"[-294.3999938964844, -25.79998779296875]",True,False
1812,1812,21.32163662268738,236.94626366190812,"[-295.3999938964844, -28.70001220703125]",True,False
1813,1813,21.33343688180389,236.95806392102475,"[-297.29998779296875, -29.5]",True,False
1814,1814,21.345202287580946,236.9698293268017,"[-295.20001220703125, -28.600006103515682]",True,False
1815,1815,21.35695747772388,236.98158451694474,"[-299.5, -26.999999999999943]",True,False
1816,1816,21.36871537200534,236.99334241122608,"[-298.0, -29.700012207031307]",True,False
1817,1817,21.380492796175304,237.00511983539604,"[-295.20001220703125, -28.20001220703125]",True,True
1818,1818,21.39224137620215,237.0168684154229,"[-296.79998779296875, -28.799987792968807]",True,True
1819,1819,21.403998068644228,237.02862510786508,"[-297.0, -28.29998779296875]",True,True
1820,1820,21.41579171764465,237.0404187568655,"[-298.5, -29.899993896484432]",True,True
1821,1821,21.427573348252167,237.0522003874729,"[-297.0, -28.29998779296875]",True,True
1822,1822,21.439286774479683,237.06392733439247,"[-298.0, -28.70001220703125]",True,True
1823,1823,21.451055785774543,237.07568312545516,"[-298.5, -26.899993896484375]",True,False
1824,1824,21.462810074538083,237.0874374142187,"[-296.5, -28.5]",True,False
1825,1825,21.474547237091656,237.0991742763124,"[-296.8999938964844, -25.700012207031307]",True,False
1826,1826,21.48631865206505,237.11094599174578,"[-296.70001220703125, -24.799987792968693]",True,False
1827,1827,21.49803598427036,237.1226630234911,"[-297.79998779296875, -26.600006103515682]",True,False
1828,1828,21.509832637868953,237.13446027800944,"[-294.6000061035156, -26.5]",True,False
1829,1829,21.521600447324545,237.14622778700516,"[-295.5, -26.5]",True,False
1830,1830,21.533390791266925,237.15801873186717,"[-296.20001220703125, -24.600006103515682]",True,False
1831,1831,21.54509640553897,237.16972404567946,"[-297.1000061035156, -26.20001220703125]",True,False
1832,1832,21.556839276829237,237.18146661650985,"[-296.29998779296875, -26.20001220703125]",True,False
1833,1833,21.56862571479394,237.19325275401468,"[-297.5, -26.70001220703125]",True,False
1834,1834,21.58037489574042,237.20500193496127,"[-296.3999938964844, -27.100006103515625]",True,False
1835,1835,21.592900464871377,237.2175278045521,"[-296.20001220703125, -26.70001220703125]",True,False
1836,1836,21.603929143160713,237.22855618238145,"[-300.3999938964844, -27.200012207031193]",True,False
1837,1837,21.615769363433742,237.24039670311436,"[-306.29998779296875, -27.200012207031193]",True,False
1838,1838,21.627465963911163,237.25209330359178,"[-306.20001220703125, -27.29998779296875]",True,False
1839,1839,21.639214844397884,237.26384188361862,"[-306.6000061035156, -26.600006103515682]",True,False
1840,1840,21.650977546036415,237.27560458525727,"[-306.20001220703125, -28.20001220703125]",True,False
1841,1841,21.662848112751703,237.28747545243232,"[-304.70001220703125, -26.0]",True,False
1842,1842,21.674523080121844,237.29915011934258,"[-306.6000061035156, -26.999999999999943]",True,False
1843,1843,21.686304710729246,237.3109317499501,"[-303.79998779296875, -26.29998779296875]",True,False
1844,1844,21.69801633419786,237.3226433734186,"[-304.6000061035156, -26.0]",True,False
1845,1845,21.70978985239003,237.33441689161089,"[-304.0, -22.899993896484375]",True,False
1846,1846,21.722278464962756,237.34690610510324,"[-306.6000061035156, -25.899993896484318]",True,False
1847,1847,21.7333050400332,237.35793207925406,"[-305.5, -26.29998779296875]",True,False
1848,1848,21.745028982354597,237.3696563220352,"[-304.1000061035156, -24.999999999999943]",True,False
1849,1849,21.75682293181478,237.3814502714955,"[-302.5, -24.70001220703125]",True,False
1850,1850,21.768585332993553,237.3932123722144,"[-305.0, -25.600006103515625]",True,False
1851,1851,21.780354644748286,237.4049819844289,"[-307.20001220703125, -26.5]",True,False
1852,1852,21.792096614659044,237.4167236538799,"[-304.79998779296875, -24.799987792968693]",True,False
1853,1853,21.803861419516352,237.42848875919708,"[-303.6000061035156, -24.0]",True,False
1854,1854,21.815618111958543,237.44024515117928,"[-305.3999938964844, -24.600006103515682]",True,False
1855,1855,21.82740184578472,237.45202888500557,"[-305.29998779296875, -24.100006103515625]",True,False
1856,1856,21.83914231339645,237.46376965307707,"[-306.70001220703125, -23.600006103515625]",True,False
1857,1857,21.850902611356446,237.4755296505772,"[-303.79998779296875, -24.100006103515625]",True,False
1858,1858,21.862681537825438,237.4873085770463,"[-305.1000061035156, -25.100006103515625]",True,False
1859,1859,21.874450248660537,237.4990772878814,"[-305.8999938964844, -26.100006103515568]",True,False
1860,1860,21.886188312593617,237.5108150513546,"[-306.6000061035156, -25.899993896484318]",True,False
1861,1861,21.897945906415202,237.52257294563594,"[-306.20001220703125, -26.600006103515682]",True,False
1862,1862,21.909716720468964,237.53434375968982,"[-305.79998779296875, -26.70001220703125]",True,False
1863,1863,21.92149594739783,237.54612298661868,"[-305.20001220703125, -26.0]",True,False
1864,1864,21.933228302594216,237.5578550413553,"[-304.1000061035156, -24.799987792968693]",True,False
1865,1865,21.944987098255183,237.56961413747592,"[-301.8999938964844, -27.100006103515625]",True,False
1866,1866,21.95676121736699,237.58138825658784,"[-296.0, -29.200012207031193]",True,False
1867,1867,21.968545552112914,237.59317259133377,"[-298.29998779296875, -30.299987792968693]",True,False
1868,1868,21.980287822483547,237.6049148617043,"[-299.0, -28.5]",True,False
1869,1869,21.99207756550618,237.61670460472703,"[-297.8999938964844, -29.700012207031307]",True,False
1870,1870,22.003778672880912,237.62840571210177,"[-298.6000061035156, -28.999999999999943]",True,False
1871,1871,22.015621296832705,237.64024833605345,"[-298.79998779296875, -28.600006103515682]",True,False
1872,1872,22.027297766501874,237.6519251061825,"[-298.20001220703125, -28.5]",True,False
1873,1873,22.039021408363396,237.66364844758414,"[-299.70001220703125, -27.500000000000057]",True,False
1874,1874,22.05078861689924,237.6754156561201,"[-298.20001220703125, -28.20001220703125]",True,False
1875,1875,22.062588876015866,237.6872159152366,"[-297.6000061035156, -27.100006103515625]",True,False
1876,1876,22.074321832131886,237.69896329342419,"[-296.29998779296875, -26.399993896484432]",True,False
1877,1877,22.086065003881913,237.71069204310277,"[-298.79998779296875, -25.700012207031307]",True,False
1878,1878,22.097826503681176,237.72245354290203,"[-296.79998779296875, -26.999999999999943]",True,False
1879,1879,22.10962375819952,237.73425079742037,"[-296.70001220703125, -25.20001220703125]",True,False
1880,1880,22.12141951041872,237.74604685009933,"[-297.1000061035156, -25.100006103515625]",True,False
1881,1881,22.133158475731193,237.75778551495205,"[-297.70001220703125, -25.500000000000057]",True,False
1882,1882,22.14491997553057,237.7695470147513,"[-299.20001220703125, -25.79998779296875]",True,False
1883,1883,22.156690188664697,237.78131722788555,"[-299.6000061035156, -25.20001220703125]",True,False
1884,1884,22.168460101339065,237.79308714055992,"[-297.79998779296875, -25.500000000000057]",True,False
1885,1885,22.18020177078995,237.8048288100108,"[-299.1000061035156, -24.899993896484375]",True,False
1886,1886,22.191983100937705,237.81661014015845,"[-298.5, -24.20001220703125]",True,False
1887,1887,22.203716057053725,237.82834309627447,"[-297.79998779296875, -24.799987792968693]",True,False
1888,1888,22.215589628367184,237.84021636712816,"[-297.6000061035156, -25.299987792968807]",True,False
1889,1889,22.22719158400014,237.851818623221,"[-295.8999938964844, -24.70001220703125]",True,False
1890,1890,22.23895158150026,237.8635786207211,"[-296.8999938964844, -24.799987792968693]",True,False
1891,1891,22.250714583598665,237.87534162281952,"[-298.29998779296875, -24.5]",True,False
1892,1892,22.262532569844893,237.88715960906563,"[-297.0, -25.500000000000057]",True,False
1893,1893,22.274268530559198,237.89889556977994,"[-296.20001220703125, -24.70001220703125]",True,False
1894,1894,22.28600058529571,237.91062762451656,"[-294.5, -24.999999999999943]",True,False
1895,1895,22.297770197510204,237.92239723673106,"[-295.6000061035156, -24.399993896484432]",True,False
1896,1896,22.30958157364023,237.93420861286108,"[-296.20001220703125, -23.700012207031193]",True,False
1897,1897,22.32133315826536,237.94596019748622,"[-294.70001220703125, -24.600006103515682]",True,False
1898,1898,22.333036669318744,237.95766370853949,"[-295.3999938964844, -22.100006103515625]",True,False
1899,1899,22.344797568198373,237.96942430695935,"[-296.70001220703125, -22.70001220703125]",True,False
1900,1900,22.356578898346015,237.98120623802663,"[-296.6000061035156, -23.79998779296875]",True,False
1901,1901,22.368333187109556,237.9929602263303,"[-296.29998779296875, -22.100006103515625]",True,False
1902,1902,22.38008537265432,238.00471271233494,"[-295.5, -22.29998779296875]",True,False
1903,1903,22.39192258832918,238.01654962754992,"[-294.70001220703125, -22.0]",True,False
1904,1904,22.40361708558771,238.02824412480857,"[-293.8999938964844, -21.399993896484375]",True,False
1905,1905,22.41536145917712,238.03998849839786,"[-295.0, -22.0]",True,False
1906,1906,22.427125663114793,238.05175270233565,"[-294.6000061035156, -21.600006103515625]",True,False
1907,1907,22.43888235555687,238.06350909431796,"[-295.70001220703125, -20.200012207031307]",True,False
1908,1908,22.450659479267074,238.07528651848781,"[-294.5, -19.100006103515682]",True,False
1909,1909,22.462434199298627,238.08706153897924,"[-294.70001220703125, -21.0]",True,False
1910,1910,22.474163850356604,238.09879088957734,"[-295.3999938964844, -19.299987792968693]",True,False
1911,1911,22.485920843258555,238.1105478824793,"[-294.70001220703125, -19.399993896484375]",True,False
1912,1912,22.497698267428405,238.12232530664926,"[-294.8999938964844, -18.600006103515568]",True,False
1913,1913,22.50958415759476,238.1342111968156,"[-296.0, -19.499999999999943]",True,False
1914,1914,22.521225473464597,238.1458528131452,"[-293.79998779296875, -18.899993896484432]",True,False
1915,1915,22.53296534015658,238.15759237937732,"[-295.29998779296875, -17.499999999999943]",True,False
1916,1916,22.54474426662557,238.1693716063063,"[-294.79998779296875, -19.100006103515682]",True,False
1917,1917,22.556524394933945,238.18115173461467,"[-295.3999938964844, -18.399993896484318]",True,False
1918,1918,22.56827808277785,238.19290542245847,"[-295.5, -18.399993896484318]",True,False
1919,1919,22.58001073843411,238.20463777765485,"[-294.0, -17.499999999999943]",True,False
1920,1920,22.5917542106439,238.21638124986475,"[-295.8999938964844, -17.600006103515625]",True,False
1921,1921,22.6035818116045,238.22820885082524,"[-294.8999938964844, -18.600006103515568]",True,False
1922,1922,22.615314166800886,238.23994120602163,"[-295.5, -18.100006103515625]",True,False
1923,1923,22.627099102466445,238.2517261416872,"[-295.20001220703125, -18.899993896484432]",True,False
1924,1924,22.638857597667425,238.26348463688828,"[-295.8999938964844, -20.5]",True,False
1925,1925,22.650642232873224,238.27526927209396,"[-295.0, -19.79998779296875]",True,False
1926,1926,22.662410342788576,238.2870376824692,"[-294.20001220703125, -18.29998779296875]",True,False
1927,1927,22.67413849154741,238.29876553076826,"[-297.5, -18.100006103515625]",True,False
1928,1928,22.685902695485197,238.31052973470594,"[-296.70001220703125, -18.600006103515568]",True,False
1929,1929,22.697672608159564,238.32229994784018,"[-296.29998779296875, -19.399993896484375]",True,False
1930,1930,22.709452736467824,238.33408007614855,"[-297.3999938964844, -18.70001220703125]",True,False
1931,1931,22.72118298844555,238.3458100276663,"[-298.5, -18.200012207031307]",True,False
1932,1932,22.73294478870457,238.35757152746555,"[-295.8999938964844, -17.100006103515682]",True,False
1933,1933,22.74470628850395,238.3693333277247,"[-296.29998779296875, -17.600006103515625]",True,False
1934,1934,22.756491224169395,238.38111826339025,"[-296.29998779296875, -17.899993896484375]",True,False
1935,1935,22.768254526727674,238.39289658893972,"[-296.79998779296875, -16.399993896484318]",True,False
1936,1936,22.779981774107114,238.40460881332785,"[-295.3999938964844, -17.899993896484375]",True,False
1937,1937,22.79172855137506,238.4163555905958,"[-297.3999938964844, -17.399993896484375]",True,False
1938,1938,22.803557354174814,238.4281840929358,"[-294.6000061035156, -17.600006103515625]",True,False
1939,1939,22.81528309925511,238.43991013847585,"[-295.1000061035156, -17.499999999999943]",True,False
1940,1940,22.82703047744269,238.45165751666343,"[-297.1000061035156, -19.0]",True,False
1941,1941,22.83878897264367,238.46341601186452,"[-296.1000061035156, -19.20001220703125]",True,False
1942,1942,22.8506180759033,238.47524511512415,"[-296.6000061035156, -16.899993896484432]",True,False
1943,1943,22.8623251924746,238.48695253215521,"[-296.3999938964844, -18.100006103515625]",True,False
1944,1944,22.874083086755945,238.49872544942775,"[-296.8999938964844, -18.100006103515625]",True,False
1945,1945,22.885834370921202,238.51046141014206,"[-295.20001220703125, -19.100006103515682]",True,False
1946,1946,22.897585054166825,238.52221209338768,"[-298.29998779296875, -17.499999999999943]",True,False
1947,1947,22.909354065461798,238.53399672859337,"[-294.1000061035156, -18.5]",True,False
1948,1948,22.92115702871672,238.54578587069648,"[-294.1000061035156, -18.5]",True,False
1949,1949,22.932875863221057,238.5575029024419,"[-295.3999938964844, -16.79998779296875]",True,False
1950,1950,22.944659597047348,238.5692866362681,"[-293.5, -17.0]",True,False
1951,1951,22.956421697766245,238.58104903744686,"[-294.79998779296875, -18.000000000000057]",True,False
1952,1952,22.968153752502758,238.5927807917236,"[-295.79998779296875, -17.600006103515625]",True,False
1953,1953,22.979913750002993,238.6045410896836,"[-295.0, -14.899993896484432]",True,False
1954,1954,22.991680658079076,238.61630769729993,"[-294.3999938964844, -18.100006103515625]",True,False
1955,1955,23.00342443074885,238.6280514699696,"[-295.79998779296875, -17.299987792968693]",True,False
1956,1956,23.015218079749275,238.6398454194299,"[-293.79998779296875, -17.100006103515682]",True,False
1957,1957,23.02695974920016,238.651586788421,"[-295.3999938964844, -16.600006103515625]",True,False
1958,1958,23.038734769691473,238.66336180891233,"[-294.6000061035156, -15.70001220703125]",True,False
1959,1959,23.05052691639287,238.6751539556136,"[-295.1000061035156, -16.100006103515625]",True,False
1960,1960,23.06227249182143,238.68689983150205,"[-294.3999938964844, -15.70001220703125]",True,False
1961,1961,23.074002443339282,238.69862948256002,"[-293.8999938964844, -14.79998779296875]",True,False
1962,1962,23.085777463830595,238.71040450305145,"[-295.0, -17.100006103515682]",True,False
1963,1963,23.09758433306331,238.72221137228416,"[-296.29998779296875, -15.799987792968807]",True,False
1964,1964,23.109319392398106,238.73394643161896,"[-294.79998779296875, -15.5]",True,False
1965,1965,23.121043635179262,238.74567067440012,"[-294.6000061035156, -15.20001220703125]",True,False
1966,1966,23.13280152946072,238.75742886914134,"[-295.29998779296875, -14.600006103515625]",True,False
1967,1967,23.144589169264577,238.76921620848543,"[-294.79998779296875, -14.399993896484375]",True,False
1968,1968,23.156341054349582,238.78096809357032,"[-295.0, -14.29998779296875]",True,False
1969,1969,23.16808843253716,238.79271517129814,"[-293.3999938964844, -14.79998779296875]",True,False
1970,1970,23.17984422359973,238.80447156328046,"[-295.29998779296875, -13.100006103515568]",True,False
1971,1971,23.191603019260697,238.81623005848144,"[-294.5, -11.999999999999943]",True,False
1972,1972,23.203390959524427,238.82801799874528,"[-294.3999938964844, -13.600006103515682]",True,False
1973,1973,23.215126619778857,238.83975335853984,"[-294.29998779296875, -11.999999999999943]",True,False
1974,1974,23.22688902095763,238.85151606017848,"[-293.0, -10.899993896484318]",True,False
1975,1975,23.23861356419866,238.8632406034194,"[-293.8999938964844, -12.899993896484318]",True,False
1976,1976,23.250439662860003,238.87506700254062,"[-291.20001220703125, -10.500000000000057]",True,False
1977,1977,23.26216931391798,238.8867966535986,"[-294.0, -11.600006103515682]",True,False
1978,1978,23.27393291693602,238.89855995615687,"[-293.70001220703125, -11.20001220703125]",True,False
1979,1979,23.28565655879754,238.91028329755852,"[-294.70001220703125, -10.100006103515625]",True,False
1980,1980,23.297540946664753,238.92216828634537,"[-293.5, -9.600006103515682]",True,False
1981,1981,23.309163934485355,238.9337909737061,"[-293.8999938964844, -9.29998779296875]",True,False
1982,1982,23.320925434284618,238.94555277396523,"[-291.70001220703125, -8.700012207031193]",True,False
1983,1983,23.33269865201703,238.95732569123788,"[-294.6000061035156, -10.299987792968807]",True,False
1984,1984,23.344475174807485,238.96910221402834,"[-292.8999938964844, -10.700012207031307]",True,False
1985,1985,23.35623246816931,238.98087483084112,"[-291.6000061035156, -9.600006103515682]",True,False
1986,1986,23.367963321066554,238.9925903602873,"[-293.5, -9.100006103515625]",True,False
1987,1987,23.37972662362472,239.00435396330545,"[-291.1000061035156, -9.399993896484432]",True,False
1988,1988,23.39165247494759,239.01627951416845,"[-292.0, -9.600006103515682]",True,False
1989,1989,23.403312118866666,239.02793915808752,"[-293.20001220703125, -9.100006103515625]",True,False
1990,1990,23.41505739383547,239.03968443305632,"[-292.1000061035156, -9.0]",True,False
1991,1991,23.426819194094605,239.05144623331546,"[-289.1000061035156, -9.29998779296875]",True,False
1992,1992,23.438529014804203,239.06315575356518,"[-291.79998779296875, -8.20001220703125]",True,False
1993,1993,23.45030974403221,239.07493678325307,"[-291.1000061035156, -8.299987792968807]",True,False
1994,1994,23.462049310264433,239.08667634948517,"[-291.6000061035156, -10.100006103515625]",True,False
1995,1995,23.47381231236284,239.09843965204345,"[-290.1000061035156, -8.899993896484318]",True,False
1996,1996,23.485597848948032,239.11022518862865,"[-293.0, -7.899993896484375]",True,False
1997,1997,23.49736145196607,239.12198849118693,"[-292.8999938964844, -8.500000000000057]",True,False
1998,1998,23.50909140348392,239.13371844270466,"[-292.70001220703125, -6.600006103515625]",True,False
1999,1999,23.52085260282331,239.14547964204417,"[-293.29998779296875, -5.600006103515568]",True,False
2000,2000,23.532628524694132,239.157255563915,"[-293.79998779296875, -5.899993896484375]",True,False
2001,2001,23.544399639207768,239.16902667842862,"[-293.0, -7.5]",True,False
2002,2002,23.556131994404268,239.18075873316525,"[-292.29998779296875, -7.399993896484432]",True,False
2003,2003,23.5678946960428,239.19252173526365,"[-294.6000061035156, -7.200012207031307]",True,False
2004,2004,23.57968654228432,239.20431358150506,"[-291.70001220703125, -6.79998779296875]",True,False
2005,2005,23.59153818003074,239.21616551971135,"[-292.1000061035156, -7.799987792968693]",True,False
2006,2006,23.60326482649043,239.22789186571129,"[-292.8999938964844, -7.0]",True,False
2007,2007,23.614986064673303,239.23961340435403,"[-293.70001220703125, -8.399993896484375]",True,False
2008,2008,23.626745461253904,239.25137250047464,"[-293.1000061035156, -7.399993896484432]",True,False
2009,2009,23.63846730035641,239.26309433957726,"[-292.3999938964844, -7.600006103515568]",True,False
2010,2010,23.650250433263068,239.2748774724838,"[-293.0, -6.399993896484375]",True,False
2011,2011,23.661978582021902,239.28660562124276,"[-292.6000061035156, -7.200012207031307]",True,False
2012,2012,23.67374038228104,239.29836742150178,"[-291.79998779296875, -7.899993896484375]",True,False
2013,2013,23.685504886678586,239.31013192589933,"[-294.0, -8.79998779296875]",True,False
2014,2014,23.697297634299503,239.32192497398012,"[-293.0, -9.600006103515682]",True,False
2015,2015,23.709021576620785,239.33364861584164,"[-292.79998779296875, -9.5]",True,False
2016,2016,23.720780071821878,239.34540711104273,"[-293.6000061035156, -9.5]",True,False
2017,2017,23.732575523581318,239.35720256280206,"[-291.5, -8.20001220703125]",True,False
2018,2018,23.744377885916606,239.36900492513735,"[-292.1000061035156, -7.600006103515568]",True,False
2019,2019,23.756110541572752,239.38073788125348,"[-294.0, -10.700012207031307]",True,False
2020,2020,23.767870539072987,239.39249757829384,"[-292.3999938964844, -11.399993896484432]",True,False
2021,2021,23.779600791050598,239.40422783027145,"[-293.6000061035156, -11.70001220703125]",True,False
2022,2022,23.79157862192301,239.41620596160362,"[-292.1000061035156, -11.0]",True,False
2023,2023,23.803165554564657,239.4277925937855,"[-292.79998779296875, -10.700012207031307]",True,False
2024,2024,23.814929758502444,239.43957001795548,"[-292.5, -11.399993896484432]",True,False
2025,2025,23.826691558761468,239.45131859798232,"[-294.70001220703125, -12.200012207031193]",True,False
2026,2026,23.838461471435835,239.4630885106567,"[-293.3999938964844, -11.799987792968693]",True,False
2027,2027,23.850235590547754,239.4748626297686,"[-294.8999938964844, -11.600006103515682]",True,False
2028,2028,23.861955927351232,239.4865826661122,"[-293.3999938964844, -10.500000000000057]",True,False
2029,2029,23.873733051061322,239.49836039074194,"[-292.79998779296875, -10.299987792968807]",True,False
2030,2030,23.885542023512812,239.51016906273355,"[-294.0, -10.700012207031307]",True,False
2031,2031,23.897232614793666,239.52185965401452,"[-293.3999938964844, -11.799987792968693]",True,False
2032,2032,23.909001325628765,239.5336283648495,"[-294.8999938964844, -12.200012207031193]",True,False
2033,2033,23.92075891945035,239.54538625913096,"[-294.79998779296875, -11.5]",True,False
2034,2034,23.932512907754017,239.55713994697487,"[-293.5, -11.999999999999943]",True,False
2035,2035,23.944256379963917,239.56888371964453,"[-296.29998779296875, -11.29998779296875]",True,False
2036,2036,23.955992040218348,239.5806190794391,"[-295.1000061035156, -13.29998779296875]",True,False
2037,2037,23.967771868066848,239.59240010912697,"[-293.8999938964844, -12.600006103515625]",True,False
2038,2038,23.979567620286048,239.60419586134617,"[-293.5, -13.899993896484375]",True,False
2039,2039,23.99130748697803,239.61595105148922,"[-295.8999938964844, -12.500000000000057]",True,False
2040,2040,24.00310864747405,239.62773688853417,"[-295.20001220703125, -12.899993896484318]",True,False
2041,2041,24.014813059906828,239.63944130096695,"[-295.6000061035156, -11.70001220703125]",True,False
2042,2042,24.026586878558874,239.65121481915924,"[-294.1000061035156, -12.399993896484375]",True,False
2043,2043,24.03835108249666,239.66298022493618,"[-293.20001220703125, -12.899993896484318]",True,False
2044,2044,24.050148637474763,239.67477808037415,"[-294.3999938964844, -12.200012207031193]",True,False
2045,2045,24.061900522559654,239.68652876361978,"[-293.29998779296875, -12.600006103515625]",True,False
2046,2046,24.073688763283258,239.69831730480325,"[-293.6000061035156, -12.79998779296875]",True,False
2047,2047,24.085509153208022,239.710135891969,"[-292.8999938964844, -11.70001220703125]",True,False
2048,2048,24.097184120578163,239.72181146025878,"[-293.5, -13.70001220703125]",True,False
2049,2049,24.108931799225502,239.73355883844636,"[-294.70001220703125, -11.899993896484375]",True,False
2050,2050,24.12071433121241,239.74534137043327,"[-293.1000061035156, -10.20001220703125]",True,False
2051,2051,24.13243076203821,239.75705810171883,"[-294.0, -12.600006103515625]",True,False
2052,2052,24.144205482069765,239.7688325212905,"[-294.1000061035156, -12.600006103515625]",True,False
2053,2053,24.1559354335875,239.78056247280836,"[-292.1000061035156, -11.29998779296875]",True,False
2054,2054,24.16771496097624,239.79234230065686,"[-293.6000061035156, -12.100006103515625]",True,False
2055,2055,24.179472254338066,239.8040992935588,"[-293.20001220703125, -12.100006103515625]",True,False
2056,2056,24.191245472070477,239.8158728117511,"[-293.1000061035156, -12.29998779296875]",True,False
2057,2057,24.203022295320693,239.82765053638082,"[-294.29998779296875, -12.399993896484375]",True,False
2058,2058,24.214743233043805,239.83937117364405,"[-292.1000061035156, -10.299987792968807]",True,False
2059,2059,24.226510141120002,239.85113687988098,"[-291.79998779296875, -12.899993896484318]",True,False
2060,2060,24.23826022344599,239.86288726266673,"[-291.5, -12.100006103515625]",True,False
2061,2061,24.2500157140488,239.87464335418917,"[-292.20001220703125, -11.999999999999943]",True,False
2062,2062,24.261782922584757,239.8864099618055,"[-294.0, -12.200012207031193]",True,False
2063,2063,24.27354562422329,239.8981729639039,"[-292.3999938964844, -11.0]",True,False
2064,2064,24.285311931379738,239.9099389706006,"[-294.20001220703125, -11.29998779296875]",True,False
2065,2065,24.297039479218938,239.9216665184398,"[-292.5, -12.399993896484375]",True,False
2066,2066,24.308803683156725,239.9334304219177,"[-292.6000061035156, -10.399993896484375]",True,True
2067,2067,24.320585313764127,239.94521235298498,"[-292.6000061035156, -11.5]",True,True
2068,2068,24.332357930576904,239.95698496979776,"[-293.0, -11.799987792968693]",True,True
2069,2069,24.3440911871528,239.9687185268334,"[-294.70001220703125, -11.399993896484432]",True,True
2070,2070,24.355852686952062,239.98047972617292,"[-292.6000061035156, -10.600006103515625]",True,True
2071,2071,24.36762770744349,239.99225474666423,"[-294.20001220703125, -11.20001220703125]",True,True
2072,2072,24.3794120421893,240.00403938187003,"[-295.6000061035156, -12.399993896484375]",True,True
2073,2073,24.39121049854691,240.01583783822764,"[-293.1000061035156, -11.799987792968693]",True,False
2074,2074,24.40292813121198,240.0275554708926,"[-292.79998779296875, -10.899993896484318]",True,False
2075,2075,24.414670101122738,240.0392971403436,"[-294.20001220703125, -9.5]",True,False
2076,2076,24.42647817219472,240.05110551187533,"[-294.20001220703125, -10.20001220703125]",True,False
2077,2077,24.438211428770614,240.06283876845123,"[-293.5, -9.999999999999943]",True,False
2078,2078,24.449981341444982,240.07460838066572,"[-295.29998779296875, -10.500000000000057]",True,False
2079,2079,24.46332686543485,240.0879548060351,"[-292.79998779296875, -9.70001220703125]",True,False
2080,2080,24.473499533686322,240.09812657290718,"[-294.79998779296875, -10.600006103515625]",True,False
2081,2081,24.485273051878607,240.10990189385836,"[-293.8999938964844, -8.500000000000057]",True,False
2082,2082,24.496992487302578,240.12162012744295,"[-295.3999938964844, -6.100006103515682]",True,False
2083,2083,24.508754287561715,240.1333819277021,"[-294.0, -7.799987792968693]",True,False
2084,2084,24.520544931963855,240.14517347348374,"[-295.1000061035156, -8.700012207031193]",True,False
2085,2085,24.532984569585324,240.1576122097257,"[-295.0, -7.0]",True,False
2086,2086,24.544065527883845,240.1686925671047,"[-294.6000061035156, -7.200012207031307]",True,False
2087,2087,24.55584445435295,240.18047179403356,"[-294.6000061035156, -3.600006103515568]",True,False
2088,2088,24.56755878195986,240.19218612164047,"[-294.29998779296875, -5.600006103515568]",True,False
2089,2089,24.57931847900022,240.20394551822108,"[-294.8999938964844, -5.000000000000057]",True,False
2090,2090,24.5910928985719,240.21573556170358,"[-295.79998779296875, -6.700012207031193]",True,False
2091,2091,24.602946339077334,240.2275739792177,"[-296.0, -6.0]",True,False
2092,2092,24.614620104608093,240.23924714382883,"[-296.20001220703125, -8.100006103515625]",True,False
2093,2093,24.62640744395219,240.25103448317304,"[-296.6000061035156, -6.499999999999943]",True,False
2094,2094,24.63812958351457,240.26275812503457,"[-294.8999938964844, -4.79998779296875]",True,False
2095,2095,24.649878163541416,240.27452112713297,"[-297.79998779296875, -5.29998779296875]",True,False
2096,2096,24.661899260628502,240.28652660030912,"[-296.0, -7.200012207031307]",True,False
2097,2097,24.673497610743425,240.29812615226342,"[-298.29998779296875, -5.399993896484318]",True,False
2098,2098,24.685215243408493,240.30984288354898,"[-295.3999938964844, -8.0]",True,False
2099,2099,24.696920256760905,240.32156352081222,"[-295.70001220703125, -6.700012207031193]",True,False
2100,2100,24.708703690127322,240.33333223164732,"[-295.70001220703125, -6.79998779296875]",True,False
2101,2101,24.720464889466825,240.3450934309867,"[-296.1000061035156, -5.399993896484318]",True,False
2102,2102,24.732204756158808,240.3568323962993,"[-296.6000061035156, -5.70001220703125]",True,False
2103,2103,24.743965054118803,240.36859359563869,"[-297.3999938964844, -7.70001220703125]",True,False
2104,2104,24.755728957596716,240.38035719865684,"[-295.3999938964844, -8.399993896484375]",True,False
2105,2105,24.76749316153439,240.39212170305427,"[-295.1000061035156, -7.200012207031307]",True,False
2106,2106,24.77927028524448,240.4038976249251,"[-295.20001220703125, -6.499999999999943]",True,False
2107,2107,24.791036592401042,240.41566363162178,"[-293.6000061035156, -5.5]",True,False
2108,2108,24.802755126445504,240.42738216566624,"[-295.20001220703125, -6.100006103515682]",True,False
2109,2109,24.81452774325828,240.43915478247902,"[-293.1000061035156, -5.100006103515625]",True,False
2110,2110,24.826273018227084,240.4509153808989,"[-295.29998779296875, -4.899993896484375]",True,False
2111,2111,24.83803211434781,240.46265915356855,"[-294.29998779296875, -3.899993896484432]",True,False
2112,2112,24.849799022423895,240.4744263621045,"[-296.20001220703125, -2.899993896484375]",True,False
2113,2113,24.86162752476389,240.4862548644445,"[-297.5, -3.79998779296875]",True,False
2114,2114,24.873399540657033,240.49802688033765,"[-296.8999938964844, -3.399993896484318]",True,False
2115,2115,24.885135801831098,240.50976284105195,"[-298.29998779296875, -4.0]",True,False
2116,2116,24.89688348047855,240.52151082015916,"[-298.1000061035156, -3.70001220703125]",True,False
2117,2117,24.908618840273107,240.53324587949396,"[-298.1000061035156, -3.600006103515568]",True,False
2118,2118,24.920504429979587,240.54513207012008,"[-298.6000061035156, -3.100006103515625]",True,False
